[ 12, 3 ]
[ 21, 1 ]
[ 24, 3 ]
[ 24, 12 ]
[ 24, 13 ]
[ 27, 3 ]
[ 27, 4 ]
[ 36, 3 ]
[ 36, 11 ]
[ 39, 1 ]
[ 42, 2 ]
[ 48, 3 ]
[ 48, 28 ]
[ 48, 29 ]
[ 48, 30 ]
[ 48, 31 ]
[ 48, 32 ]
[ 48, 33 ]
[ 48, 48 ]
[ 48, 49 ]
[ 48, 50 ]
[ 54, 8 ]
[ 54, 10 ]
[ 54, 11 ]
[ 57, 1 ]
[ 60, 9 ]
[ 63, 1 ]
[ 63, 3 ]
[ 72, 3 ]
[ 72, 15 ]
[ 72, 16 ]
[ 72, 25 ]
[ 72, 42 ]
[ 72, 43 ]
[ 72, 44 ]
[ 72, 47 ]
[ 75, 2 ]
[ 78, 2 ]
[ 81, 3 ]
[ 81, 4 ]
[ 81, 6 ]
[ 81, 7 ]
[ 81, 8 ]
[ 81, 9 ]
[ 81, 10 ]
[ 81, 12 ]
[ 81, 13 ]
[ 81, 14 ]
[ 84, 2 ]
[ 84, 9 ]
[ 84, 10 ]
[ 84, 11 ]
[ 93, 1 ]
[ 96, 3 ]
[ 96, 64 ]
[ 96, 65 ]
[ 96, 66 ]
[ 96, 67 ]
[ 96, 68 ]
[ 96, 69 ]
[ 96, 70 ]
[ 96, 71 ]
[ 96, 72 ]
[ 96, 73 ]
[ 96, 74 ]
[ 96, 185 ]
[ 96, 186 ]
[ 96, 187 ]
[ 96, 188 ]
[ 96, 189 ]
[ 96, 190 ]
[ 96, 191 ]
[ 96, 192 ]
[ 96, 193 ]
[ 96, 194 ]
[ 96, 195 ]
[ 96, 196 ]
[ 96, 197 ]
[ 96, 198 ]
[ 96, 199 ]
[ 96, 200 ]
[ 96, 201 ]
[ 96, 202 ]
[ 96, 203 ]
[ 96, 204 ]
[ 96, 226 ]
[ 96, 227 ]
[ 96, 228 ]
[ 96, 229 ]
[ 105, 1 ]
[ 108, 3 ]
[ 108, 11 ]
[ 108, 13 ]
[ 108, 14 ]
[ 108, 15 ]
[ 108, 18 ]
[ 108, 19 ]
[ 108, 20 ]
[ 108, 21 ]
[ 108, 22 ]
[ 108, 28 ]
[ 108, 30 ]
[ 108, 31 ]
[ 108, 41 ]
[ 111, 1 ]
[ 114, 2 ]
[ 117, 1 ]
[ 117, 3 ]
[ 120, 15 ]
[ 120, 37 ]
[ 120, 38 ]
[ 120, 39 ]
[ 120, 43 ]
[ 126, 2 ]
[ 126, 8 ]
[ 126, 10 ]
[ 129, 1 ]
[ 132, 6 ]
[ 135, 3 ]
[ 135, 4 ]
[ 144, 3 ]
[ 144, 31 ]
[ 144, 32 ]
[ 144, 33 ]
[ 144, 34 ]
[ 144, 35 ]
[ 144, 36 ]
[ 144, 68 ]
[ 144, 109 ]
[ 144, 110 ]
[ 144, 111 ]
[ 144, 121 ]
[ 144, 122 ]
[ 144, 123 ]
[ 144, 124 ]
[ 144, 125 ]
[ 144, 126 ]
[ 144, 127 ]
[ 144, 128 ]
[ 144, 129 ]
[ 144, 155 ]
[ 144, 156 ]
[ 144, 157 ]
[ 144, 183 ]
[ 144, 184 ]
[ 144, 188 ]
[ 144, 189 ]
[ 144, 190 ]
[ 144, 193 ]
[ 144, 194 ]
[ 147, 1 ]
[ 147, 3 ]
[ 147, 4 ]
[ 147, 5 ]
[ 150, 5 ]
[ 150, 7 ]
[ 156, 2 ]
[ 156, 12 ]
[ 156, 13 ]
[ 156, 14 ]
[ 162, 10 ]
[ 162, 12 ]
[ 162, 14 ]
[ 162, 17 ]
[ 162, 19 ]
[ 162, 20 ]
[ 162, 21 ]
[ 162, 22 ]
[ 162, 24 ]
[ 162, 25 ]
[ 162, 27 ]
[ 162, 28 ]
[ 162, 29 ]
[ 162, 30 ]
[ 162, 31 ]
[ 162, 35 ]
[ 162, 37 ]
[ 162, 41 ]
[ 162, 44 ]
[ 162, 46 ]
[ 162, 48 ]
[ 162, 49 ]
[ 162, 50 ]
[ 168, 2 ]
[ 168, 19 ]
[ 168, 20 ]
[ 168, 21 ]
[ 168, 22 ]
[ 168, 23 ]
[ 168, 43 ]
[ 168, 45 ]
[ 168, 46 ]
[ 168, 48 ]
[ 168, 49 ]
[ 168, 51 ]
[ 168, 52 ]
[ 168, 53 ]
[ 171, 1 ]
[ 171, 4 ]
[ 180, 8 ]
[ 180, 31 ]
[ 183, 1 ]
[ 186, 2 ]
[ 189, 1 ]
[ 189, 3 ]
[ 189, 4 ]
[ 189, 5 ]
[ 189, 6 ]
[ 189, 7 ]
[ 189, 8 ]
[ 189, 10 ]
[ 189, 11 ]
[ 189, 12 ]
[ 192, 3 ]
[ 192, 4 ]
[ 192, 180 ]
[ 192, 181 ]
[ 192, 182 ]
[ 192, 183 ]
[ 192, 184 ]
[ 192, 185 ]
[ 192, 186 ]
[ 192, 187 ]
[ 192, 188 ]
[ 192, 189 ]
[ 192, 190 ]
[ 192, 191 ]
[ 192, 192 ]
[ 192, 193 ]
[ 192, 194 ]
[ 192, 195 ]
[ 192, 196 ]
[ 192, 197 ]
[ 192, 198 ]
[ 192, 199 ]
[ 192, 200 ]
[ 192, 201 ]
[ 192, 202 ]
[ 192, 203 ]
[ 192, 204 ]
[ 192, 944 ]
[ 192, 945 ]
[ 192, 946 ]
[ 192, 947 ]
[ 192, 948 ]
[ 192, 949 ]
[ 192, 950 ]
[ 192, 951 ]
[ 192, 952 ]
[ 192, 953 ]
[ 192, 954 ]
[ 192, 955 ]
[ 192, 956 ]
[ 192, 957 ]
[ 192, 958 ]
[ 192, 959 ]
[ 192, 960 ]
[ 192, 961 ]
[ 192, 962 ]
[ 192, 963 ]
[ 192, 964 ]
[ 192, 965 ]
[ 192, 966 ]
[ 192, 967 ]
[ 192, 968 ]
[ 192, 969 ]
[ 192, 970 ]
[ 192, 971 ]
[ 192, 972 ]
[ 192, 973 ]
[ 192, 974 ]
[ 192, 975 ]
[ 192, 976 ]
[ 192, 977 ]
[ 192, 978 ]
[ 192, 979 ]
[ 192, 980 ]
[ 192, 981 ]
[ 192, 982 ]
[ 192, 983 ]
[ 192, 984 ]
[ 192, 985 ]
[ 192, 986 ]
[ 192, 987 ]
[ 192, 988 ]
[ 192, 989 ]
[ 192, 990 ]
[ 192, 991 ]
[ 192, 992 ]
[ 192, 993 ]
[ 192, 994 ]
[ 192, 995 ]
[ 192, 996 ]
[ 192, 997 ]
[ 192, 998 ]
[ 192, 999 ]
[ 192, 1000 ]
[ 192, 1001 ]
[ 192, 1002 ]
[ 192, 1003 ]
[ 192, 1004 ]
[ 192, 1005 ]
[ 192, 1006 ]
[ 192, 1007 ]
[ 192, 1008 ]
[ 192, 1009 ]
[ 192, 1010 ]
[ 192, 1011 ]
[ 192, 1012 ]
[ 192, 1013 ]
[ 192, 1014 ]
[ 192, 1015 ]
[ 192, 1016 ]
[ 192, 1017 ]
[ 192, 1018 ]
[ 192, 1019 ]
[ 192, 1020 ]
[ 192, 1021 ]
[ 192, 1022 ]
[ 192, 1023 ]
[ 192, 1024 ]
[ 192, 1025 ]
[ 192, 1468 ]
[ 192, 1469 ]
[ 192, 1470 ]
[ 192, 1471 ]
[ 192, 1472 ]
[ 192, 1473 ]
[ 192, 1474 ]
[ 192, 1475 ]
[ 192, 1476 ]
[ 192, 1477 ]
[ 192, 1478 ]
[ 192, 1479 ]
[ 192, 1480 ]
[ 192, 1481 ]
[ 192, 1482 ]
[ 192, 1483 ]
[ 192, 1484 ]
[ 192, 1485 ]
[ 192, 1486 ]
[ 192, 1487 ]
[ 192, 1488 ]
[ 192, 1489 ]
[ 192, 1490 ]
[ 192, 1491 ]
[ 192, 1492 ]
[ 192, 1493 ]
[ 192, 1494 ]
[ 192, 1495 ]
[ 192, 1496 ]
[ 192, 1497 ]
[ 192, 1498 ]
[ 192, 1499 ]
[ 192, 1500 ]
[ 192, 1501 ]
[ 192, 1502 ]
[ 192, 1503 ]
[ 192, 1504 ]
[ 192, 1505 ]
[ 192, 1506 ]
[ 192, 1507 ]
[ 192, 1508 ]
[ 192, 1509 ]
[ 192, 1537 ]
[ 192, 1538 ]
[ 192, 1539 ]
[ 192, 1540 ]
[ 192, 1541 ]
[ 195, 1 ]
[ 201, 1 ]
[ 204, 8 ]
[ 210, 2 ]
[ 210, 4 ]
[ 216, 3 ]
[ 216, 17 ]
[ 216, 19 ]
[ 216, 20 ]
[ 216, 21 ]
[ 216, 22 ]
[ 216, 25 ]
[ 216, 38 ]
[ 216, 39 ]
[ 216, 40 ]
[ 216, 41 ]
[ 216, 42 ]
[ 216, 66 ]
[ 216, 67 ]
[ 216, 68 ]
[ 216, 71 ]
[ 216, 72 ]
[ 216, 74 ]
[ 216, 75 ]
[ 216, 77 ]
[ 216, 78 ]
[ 216, 80 ]
[ 216, 81 ]
[ 216, 88 ]
[ 216, 89 ]
[ 216, 90 ]
[ 216, 91 ]
[ 216, 92 ]
[ 216, 93 ]
[ 216, 94 ]
[ 216, 95 ]
[ 216, 96 ]
[ 216, 97 ]
[ 216, 98 ]
[ 216, 99 ]
[ 216, 100 ]
[ 216, 103 ]
[ 216, 104 ]
[ 216, 105 ]
[ 216, 106 ]
[ 216, 107 ]
[ 216, 113 ]
[ 216, 115 ]
[ 216, 116 ]
[ 216, 134 ]
[ 216, 153 ]
[ 216, 163 ]
[ 216, 164 ]
[ 216, 165 ]
[ 216, 166 ]
[ 216, 167 ]
[ 216, 173 ]
[ 219, 1 ]
[ 222, 2 ]
[ 225, 3 ]
[ 225, 5 ]
[ 228, 2 ]
[ 228, 9 ]
[ 228, 10 ]
[ 228, 11 ]
[ 231, 1 ]
[ 234, 2 ]
[ 234, 8 ]
[ 234, 10 ]
[ 237, 1 ]
[ 240, 32 ]
[ 240, 102 ]
[ 240, 103 ]
[ 240, 104 ]
[ 240, 105 ]
[ 240, 106 ]
[ 240, 107 ]
[ 240, 108 ]
[ 240, 109 ]
[ 240, 110 ]
[ 240, 152 ]
[ 240, 153 ]
[ 240, 154 ]
[ 240, 192 ]
[ 240, 193 ]
[ 240, 194 ]
[ 240, 196 ]
[ 240, 197 ]
[ 240, 198 ]
[ 240, 203 ]
[ 240, 204 ]
[ 243, 2 ]
[ 243, 3 ]
[ 243, 4 ]
[ 243, 5 ]
[ 243, 6 ]
[ 243, 7 ]
[ 243, 8 ]
[ 243, 9 ]
[ 243, 11 ]
[ 243, 12 ]
[ 243, 13 ]
[ 243, 14 ]
[ 243, 15 ]
[ 243, 16 ]
[ 243, 17 ]
[ 243, 18 ]
[ 243, 19 ]
[ 243, 20 ]
[ 243, 21 ]
[ 243, 22 ]
[ 243, 24 ]
[ 243, 25 ]
[ 243, 26 ]
[ 243, 27 ]
[ 243, 28 ]
[ 243, 29 ]
[ 243, 30 ]
[ 243, 32 ]
[ 243, 33 ]
[ 243, 34 ]
[ 243, 35 ]
[ 243, 36 ]
[ 243, 37 ]
[ 243, 38 ]
[ 243, 39 ]
[ 243, 40 ]
[ 243, 41 ]
[ 243, 42 ]
[ 243, 43 ]
[ 243, 44 ]
[ 243, 45 ]
[ 243, 46 ]
[ 243, 47 ]
[ 243, 49 ]
[ 243, 50 ]
[ 243, 51 ]
[ 243, 52 ]
[ 243, 53 ]
[ 243, 54 ]
[ 243, 55 ]
[ 243, 56 ]
[ 243, 57 ]
[ 243, 58 ]
[ 243, 59 ]
[ 243, 60 ]
[ 243, 62 ]
[ 243, 63 ]
[ 243, 64 ]
[ 252, 2 ]
[ 252, 9 ]
[ 252, 10 ]
[ 252, 11 ]
[ 252, 17 ]
[ 252, 19 ]
[ 252, 27 ]
[ 252, 29 ]
[ 252, 38 ]
[ 252, 39 ]
[ 252, 40 ]
[ 258, 2 ]
[ 264, 12 ]
[ 264, 31 ]
[ 264, 32 ]
[ 264, 33 ]
[ 264, 35 ]
[ 270, 6 ]
[ 270, 7 ]
[ 270, 17 ]
[ 270, 19 ]
[ 270, 21 ]
[ 270, 22 ]
[ 273, 1 ]
[ 273, 2 ]
[ 273, 3 ]
[ 273, 4 ]
[ 276, 6 ]
[ 279, 1 ]
[ 279, 3 ]
[ 285, 1 ]
[ 288, 3 ]
[ 288, 67 ]
[ 288, 68 ]
[ 288, 69 ]
[ 288, 70 ]
[ 288, 71 ]
[ 288, 72 ]
[ 288, 73 ]
[ 288, 74 ]
[ 288, 75 ]
[ 288, 76 ]
[ 288, 77 ]
[ 288, 230 ]
[ 288, 332 ]
[ 288, 333 ]
[ 288, 334 ]
[ 288, 335 ]
[ 288, 336 ]
[ 288, 337 ]
[ 288, 338 ]
[ 288, 339 ]
[ 288, 340 ]
[ 288, 341 ]
[ 288, 342 ]
[ 288, 343 ]
[ 288, 344 ]
[ 288, 345 ]
[ 288, 346 ]
[ 288, 347 ]
[ 288, 348 ]
[ 288, 349 ]
[ 288, 350 ]
[ 288, 351 ]
[ 288, 397 ]
[ 288, 398 ]
[ 288, 399 ]
[ 288, 400 ]
[ 288, 401 ]
[ 288, 402 ]
[ 288, 403 ]
[ 288, 404 ]
[ 288, 405 ]
[ 288, 406 ]
[ 288, 407 ]
[ 288, 408 ]
[ 288, 409 ]
[ 288, 410 ]
[ 288, 411 ]
[ 288, 632 ]
[ 288, 633 ]
[ 288, 634 ]
[ 288, 635 ]
[ 288, 636 ]
[ 288, 637 ]
[ 288, 638 ]
[ 288, 835 ]
[ 288, 836 ]
[ 288, 837 ]
[ 288, 838 ]
[ 288, 844 ]
[ 288, 845 ]
[ 288, 846 ]
[ 288, 847 ]
[ 288, 848 ]
[ 288, 849 ]
[ 288, 850 ]
[ 288, 851 ]
[ 288, 852 ]
[ 288, 853 ]
[ 288, 854 ]
[ 288, 855 ]
[ 288, 856 ]
[ 288, 857 ]
[ 288, 858 ]
[ 288, 859 ]
[ 288, 860 ]
[ 288, 896 ]
[ 288, 897 ]
[ 288, 898 ]
[ 288, 899 ]
[ 288, 900 ]
[ 288, 901 ]
[ 288, 902 ]
[ 288, 903 ]
[ 288, 904 ]
[ 288, 905 ]
[ 288, 906 ]
[ 288, 907 ]
[ 288, 908 ]
[ 288, 909 ]
[ 288, 910 ]
[ 288, 911 ]
[ 288, 912 ]
[ 288, 913 ]
[ 288, 914 ]
[ 288, 915 ]
[ 288, 916 ]
[ 288, 917 ]
[ 288, 918 ]
[ 288, 919 ]
[ 288, 920 ]
[ 288, 921 ]
[ 288, 922 ]
[ 288, 923 ]
[ 288, 924 ]
[ 288, 925 ]
[ 288, 926 ]
[ 288, 927 ]
[ 288, 928 ]
[ 288, 979 ]
[ 288, 980 ]
[ 288, 981 ]
[ 288, 982 ]
[ 288, 983 ]
[ 288, 984 ]
[ 288, 985 ]
[ 288, 986 ]
[ 288, 987 ]
[ 288, 1024 ]
[ 288, 1026 ]
[ 288, 1028 ]
[ 288, 1029 ]
[ 288, 1033 ]
[ 288, 1034 ]
[ 288, 1035 ]
[ 288, 1036 ]
[ 288, 1037 ]
[ 288, 1038 ]
[ 288, 1041 ]
[ 288, 1042 ]
[ 291, 1 ]
[ 294, 2 ]
[ 294, 7 ]
[ 294, 9 ]
[ 294, 11 ]
[ 294, 12 ]
[ 294, 15 ]
[ 294, 16 ]
[ 294, 17 ]
[ 297, 3 ]
[ 297, 4 ]
[ 300, 8 ]
[ 300, 13 ]
[ 300, 15 ]
[ 300, 26 ]
[ 300, 41 ]
[ 300, 42 ]
[ 300, 43 ]
[ 309, 1 ]
[ 312, 2 ]
[ 312, 22 ]
[ 312, 23 ]
[ 312, 24 ]
[ 312, 25 ]
[ 312, 26 ]
[ 312, 47 ]
[ 312, 48 ]
[ 312, 50 ]
[ 312, 51 ]
[ 312, 55 ]
[ 312, 56 ]
[ 312, 57 ]
[ 315, 1 ]
[ 315, 3 ]
[ 324, 3 ]
[ 324, 13 ]
[ 324, 15 ]
[ 324, 17 ]
[ 324, 20 ]
[ 324, 22 ]
[ 324, 23 ]
[ 324, 24 ]
[ 324, 25 ]
[ 324, 27 ]
[ 324, 28 ]
[ 324, 30 ]
[ 324, 31 ]
[ 324, 32 ]
[ 324, 33 ]
[ 324, 34 ]
[ 324, 42 ]
[ 324, 43 ]
[ 324, 44 ]
[ 324, 45 ]
[ 324, 46 ]
[ 324, 47 ]
[ 324, 48 ]
[ 324, 49 ]
[ 324, 50 ]
[ 324, 51 ]
[ 324, 52 ]
[ 324, 53 ]
[ 324, 54 ]
[ 324, 55 ]
[ 324, 56 ]
[ 324, 57 ]
[ 324, 58 ]
[ 324, 59 ]
[ 324, 60 ]
[ 324, 68 ]
[ 324, 70 ]
[ 324, 72 ]
[ 324, 75 ]
[ 324, 77 ]
[ 324, 78 ]
[ 324, 79 ]
[ 324, 80 ]
[ 324, 82 ]
[ 324, 83 ]
[ 324, 85 ]
[ 324, 86 ]
[ 324, 87 ]
[ 324, 88 ]
[ 324, 89 ]
[ 324, 93 ]
[ 324, 95 ]
[ 324, 99 ]
[ 324, 102 ]
[ 324, 104 ]
[ 324, 106 ]
[ 324, 107 ]
[ 324, 108 ]
[ 324, 110 ]
[ 324, 111 ]
[ 324, 113 ]
[ 324, 122 ]
[ 324, 126 ]
[ 324, 127 ]
[ 324, 128 ]
[ 324, 129 ]
[ 324, 130 ]
[ 324, 131 ]
[ 324, 132 ]
[ 324, 133 ]
[ 324, 134 ]
[ 324, 135 ]
[ 324, 139 ]
[ 324, 141 ]
[ 324, 145 ]
[ 324, 148 ]
[ 324, 150 ]
[ 324, 152 ]
[ 324, 153 ]
[ 324, 154 ]
[ 324, 160 ]
[ 324, 171 ]
[ 327, 1 ]
[ 333, 1 ]
[ 333, 4 ]
[ 336, 2 ]
[ 336, 48 ]
[ 336, 49 ]
[ 336, 50 ]
[ 336, 51 ]
[ 336, 52 ]
[ 336, 53 ]
[ 336, 54 ]
[ 336, 55 ]
[ 336, 56 ]
[ 336, 57 ]
[ 336, 115 ]
[ 336, 116 ]
[ 336, 117 ]
[ 336, 118 ]
[ 336, 119 ]
[ 336, 120 ]
[ 336, 131 ]
[ 336, 132 ]
[ 336, 133 ]
[ 336, 134 ]
[ 336, 135 ]
[ 336, 136 ]
[ 336, 164 ]
[ 336, 165 ]
[ 336, 166 ]
[ 336, 167 ]
[ 336, 168 ]
[ 336, 169 ]
[ 336, 170 ]
[ 336, 171 ]
[ 336, 172 ]
[ 336, 173 ]
[ 336, 210 ]
[ 336, 212 ]
[ 336, 214 ]
[ 336, 215 ]
[ 336, 217 ]
[ 336, 218 ]
[ 336, 220 ]
[ 336, 221 ]
[ 336, 222 ]
[ 336, 223 ]
[ 336, 224 ]
[ 342, 2 ]
[ 342, 10 ]
[ 342, 12 ]
[ 348, 8 ]
[ 351, 1 ]
[ 351, 3 ]
[ 351, 4 ]
[ 351, 5 ]
[ 351, 6 ]
[ 351, 7 ]
[ 351, 8 ]
[ 351, 10 ]
[ 351, 11 ]
[ 351, 13 ]
[ 357, 1 ]
[ 360, 14 ]
[ 360, 40 ]
[ 360, 41 ]
[ 360, 42 ]
[ 360, 46 ]
[ 360, 89 ]
[ 360, 138 ]
[ 360, 139 ]
[ 360, 140 ]
[ 360, 141 ]
[ 360, 142 ]
[ 360, 143 ]
[ 360, 144 ]
[ 360, 156 ]
[ 363, 2 ]
[ 366, 2 ]
[ 372, 2 ]
[ 372, 9 ]
[ 372, 10 ]
[ 372, 11 ]
[ 375, 2 ]
[ 375, 6 ]
[ 378, 2 ]
[ 378, 8 ]
[ 378, 9 ]
[ 378, 11 ]
[ 378, 12 ]
[ 378, 13 ]
[ 378, 14 ]
[ 378, 15 ]
[ 378, 16 ]
[ 378, 17 ]
[ 378, 23 ]
[ 378, 24 ]
[ 378, 25 ]
[ 378, 26 ]
[ 378, 27 ]
[ 378, 28 ]
[ 378, 30 ]
[ 378, 31 ]
[ 378, 41 ]
[ 378, 43 ]
[ 378, 45 ]
[ 378, 46 ]
[ 378, 48 ]
[ 378, 50 ]
[ 378, 52 ]
[ 381, 1 ]
[ 384, 3 ]
[ 384, 4 ]
[ 384, 5 ]
[ 384, 6 ]
[ 384, 568 ]
[ 384, 569 ]
[ 384, 570 ]
[ 384, 571 ]
[ 384, 572 ]
[ 384, 573 ]
[ 384, 574 ]
[ 384, 575 ]
[ 384, 576 ]
[ 384, 577 ]
[ 384, 578 ]
[ 384, 579 ]
[ 384, 580 ]
[ 384, 581 ]
[ 384, 582 ]
[ 384, 583 ]
[ 384, 584 ]
[ 384, 585 ]
[ 384, 586 ]
[ 384, 587 ]
[ 384, 588 ]
[ 384, 589 ]
[ 384, 590 ]
[ 384, 591 ]
[ 384, 592 ]
[ 384, 593 ]
[ 384, 594 ]
[ 384, 595 ]
[ 384, 596 ]
[ 384, 597 ]
[ 384, 598 ]
[ 384, 599 ]
[ 384, 600 ]
[ 384, 601 ]
[ 384, 602 ]
[ 384, 603 ]
[ 384, 604 ]
[ 384, 605 ]
[ 384, 606 ]
[ 384, 607 ]
[ 384, 608 ]
[ 384, 609 ]
[ 384, 610 ]
[ 384, 611 ]
[ 384, 612 ]
[ 384, 613 ]
[ 384, 614 ]
[ 384, 615 ]
[ 384, 616 ]
[ 384, 617 ]
[ 384, 618 ]
[ 384, 619 ]
[ 384, 620 ]
[ 384, 5556 ]
[ 384, 5557 ]
[ 384, 5558 ]
[ 384, 5559 ]
[ 384, 5560 ]
[ 384, 5561 ]
[ 384, 5562 ]
[ 384, 5563 ]
[ 384, 5564 ]
[ 384, 5565 ]
[ 384, 5566 ]
[ 384, 5567 ]
[ 384, 5568 ]
[ 384, 5569 ]
[ 384, 5570 ]
[ 384, 5571 ]
[ 384, 5572 ]
[ 384, 5573 ]
[ 384, 5574 ]
[ 384, 5575 ]
[ 384, 5576 ]
[ 384, 5577 ]
[ 384, 5578 ]
[ 384, 5579 ]
[ 384, 5580 ]
[ 384, 5581 ]
[ 384, 5582 ]
[ 384, 5583 ]
[ 384, 5584 ]
[ 384, 5585 ]
[ 384, 5586 ]
[ 384, 5587 ]
[ 384, 5588 ]
[ 384, 5589 ]
[ 384, 5590 ]
[ 384, 5591 ]
[ 384, 5592 ]
[ 384, 5593 ]
[ 384, 5594 ]
[ 384, 5595 ]
[ 384, 5596 ]
[ 384, 5597 ]
[ 384, 5598 ]
[ 384, 5599 ]
[ 384, 5600 ]
[ 384, 5601 ]
[ 384, 5602 ]
[ 384, 5603 ]
[ 384, 5604 ]
[ 384, 5605 ]
[ 384, 5606 ]
[ 384, 5607 ]
[ 384, 5608 ]
[ 384, 5609 ]
[ 384, 5610 ]
[ 384, 5611 ]
[ 384, 5612 ]
[ 384, 5613 ]
[ 384, 5614 ]
[ 384, 5615 ]
[ 384, 5616 ]
[ 384, 5617 ]
[ 384, 5618 ]
[ 384, 5619 ]
[ 384, 5620 ]
[ 384, 5621 ]
[ 384, 5622 ]
[ 384, 5623 ]
[ 384, 5624 ]
[ 384, 5625 ]
[ 384, 5626 ]
[ 384, 5627 ]
[ 384, 5628 ]
[ 384, 5629 ]
[ 384, 5630 ]
[ 384, 5631 ]
[ 384, 5632 ]
[ 384, 5633 ]
[ 384, 5634 ]
[ 384, 5635 ]
[ 384, 5636 ]
[ 384, 5637 ]
[ 384, 5638 ]
[ 384, 5639 ]
[ 384, 5640 ]
[ 384, 5641 ]
[ 384, 5642 ]
[ 384, 5643 ]
[ 384, 5644 ]
[ 384, 5645 ]
[ 384, 5646 ]
[ 384, 5647 ]
[ 384, 5648 ]
[ 384, 5649 ]
[ 384, 5650 ]
[ 384, 5651 ]
[ 384, 5652 ]
[ 384, 5653 ]
[ 384, 5654 ]
[ 384, 5655 ]
[ 384, 5656 ]
[ 384, 5657 ]
[ 384, 5658 ]
[ 384, 5659 ]
[ 384, 5660 ]
[ 384, 5661 ]
[ 384, 5662 ]
[ 384, 5663 ]
[ 384, 5664 ]
[ 384, 5665 ]
[ 384, 5666 ]
[ 384, 5667 ]
[ 384, 5668 ]
[ 384, 5669 ]
[ 384, 5670 ]
[ 384, 5671 ]
[ 384, 5672 ]
[ 384, 5673 ]
[ 384, 5674 ]
[ 384, 5675 ]
[ 384, 5676 ]
[ 384, 5677 ]
[ 384, 5678 ]
[ 384, 5679 ]
[ 384, 5680 ]
[ 384, 5681 ]
[ 384, 5682 ]
[ 384, 5683 ]
[ 384, 5684 ]
[ 384, 5685 ]
[ 384, 5686 ]
[ 384, 5687 ]
[ 384, 5688 ]
[ 384, 5689 ]
[ 384, 5690 ]
[ 384, 5691 ]
[ 384, 5692 ]
[ 384, 5693 ]
[ 384, 5694 ]
[ 384, 5695 ]
[ 384, 5696 ]
[ 384, 5697 ]
[ 384, 5698 ]
[ 384, 5699 ]
[ 384, 5700 ]
[ 384, 5701 ]
[ 384, 5702 ]
[ 384, 5703 ]
[ 384, 5704 ]
[ 384, 5705 ]
[ 384, 5706 ]
[ 384, 5707 ]
[ 384, 5708 ]
[ 384, 5709 ]
[ 384, 5710 ]
[ 384, 5711 ]
[ 384, 5712 ]
[ 384, 5713 ]
[ 384, 5714 ]
[ 384, 5715 ]
[ 384, 5716 ]
[ 384, 5717 ]
[ 384, 5718 ]
[ 384, 5719 ]
[ 384, 5720 ]
[ 384, 5721 ]
[ 384, 5722 ]
[ 384, 5723 ]
[ 384, 5724 ]
[ 384, 5725 ]
[ 384, 5726 ]
[ 384, 5727 ]
[ 384, 5728 ]
[ 384, 5729 ]
[ 384, 5730 ]
[ 384, 5731 ]
[ 384, 5732 ]
[ 384, 5733 ]
[ 384, 5734 ]
[ 384, 5735 ]
[ 384, 5736 ]
[ 384, 5737 ]
[ 384, 5738 ]
[ 384, 5739 ]
[ 384, 5740 ]
[ 384, 5741 ]
[ 384, 5742 ]
[ 384, 5743 ]
[ 384, 5744 ]
[ 384, 5745 ]
[ 384, 5746 ]
[ 384, 5747 ]
[ 384, 5748 ]
[ 384, 5749 ]
[ 384, 5750 ]
[ 384, 5751 ]
[ 384, 5752 ]
[ 384, 5753 ]
[ 384, 5754 ]
[ 384, 5755 ]
[ 384, 5756 ]
[ 384, 5757 ]
[ 384, 5758 ]
[ 384, 5759 ]
[ 384, 5760 ]
[ 384, 5761 ]
[ 384, 5762 ]
[ 384, 5763 ]
[ 384, 5764 ]
[ 384, 5765 ]
[ 384, 5766 ]
[ 384, 5767 ]
[ 384, 5768 ]
[ 384, 5769 ]
[ 384, 5770 ]
[ 384, 5771 ]
[ 384, 5772 ]
[ 384, 5773 ]
[ 384, 5774 ]
[ 384, 5775 ]
[ 384, 5776 ]
[ 384, 5777 ]
[ 384, 5778 ]
[ 384, 5779 ]
[ 384, 5780 ]
[ 384, 5781 ]
[ 384, 5782 ]
[ 384, 5783 ]
[ 384, 5784 ]
[ 384, 5785 ]
[ 384, 5786 ]
[ 384, 5787 ]
[ 384, 5788 ]
[ 384, 5789 ]
[ 384, 5790 ]
[ 384, 5791 ]
[ 384, 5792 ]
[ 384, 5793 ]
[ 384, 5794 ]
[ 384, 5795 ]
[ 384, 5796 ]
[ 384, 5797 ]
[ 384, 5798 ]
[ 384, 5799 ]
[ 384, 5800 ]
[ 384, 5801 ]
[ 384, 5802 ]
[ 384, 5803 ]
[ 384, 5804 ]
[ 384, 5805 ]
[ 384, 5806 ]
[ 384, 5807 ]
[ 384, 5808 ]
[ 384, 5809 ]
[ 384, 5810 ]
[ 384, 5811 ]
[ 384, 5812 ]
[ 384, 5813 ]
[ 384, 5814 ]
[ 384, 5815 ]
[ 384, 5816 ]
[ 384, 5817 ]
[ 384, 5818 ]
[ 384, 5819 ]
[ 384, 5820 ]
[ 384, 5821 ]
[ 384, 5822 ]
[ 384, 5823 ]
[ 384, 5824 ]
[ 384, 5825 ]
[ 384, 5826 ]
[ 384, 5827 ]
[ 384, 5828 ]
[ 384, 5829 ]
[ 384, 5830 ]
[ 384, 5831 ]
[ 384, 5832 ]
[ 384, 5833 ]
[ 384, 5834 ]
[ 384, 5835 ]
[ 384, 5836 ]
[ 384, 5837 ]
[ 384, 5838 ]
[ 384, 5839 ]
[ 384, 5840 ]
[ 384, 5841 ]
[ 384, 5842 ]
[ 384, 5843 ]
[ 384, 5844 ]
[ 384, 5845 ]
[ 384, 5846 ]
[ 384, 5847 ]
[ 384, 5848 ]
[ 384, 5849 ]
[ 384, 5850 ]
[ 384, 5851 ]
[ 384, 5852 ]
[ 384, 5853 ]
[ 384, 5854 ]
[ 384, 5855 ]
[ 384, 5856 ]
[ 384, 5857 ]
[ 384, 5858 ]
[ 384, 5859 ]
[ 384, 5860 ]
[ 384, 5861 ]
[ 384, 5862 ]
[ 384, 5863 ]
[ 384, 5864 ]
[ 384, 5865 ]
[ 384, 5866 ]
[ 384, 5867 ]
[ 384, 5868 ]
[ 384, 5869 ]
[ 384, 5870 ]
[ 384, 5871 ]
[ 384, 17858 ]
[ 384, 17859 ]
[ 384, 17860 ]
[ 384, 17861 ]
[ 384, 17862 ]
[ 384, 17863 ]
[ 384, 17864 ]
[ 384, 17865 ]
[ 384, 17866 ]
[ 384, 17867 ]
[ 384, 17868 ]
[ 384, 17869 ]
[ 384, 17870 ]
[ 384, 17871 ]
[ 384, 17872 ]
[ 384, 17873 ]
[ 384, 17874 ]
[ 384, 17875 ]
[ 384, 17876 ]
[ 384, 17877 ]
[ 384, 17878 ]
[ 384, 17879 ]
[ 384, 17880 ]
[ 384, 17881 ]
[ 384, 17882 ]
[ 384, 17883 ]
[ 384, 17884 ]
[ 384, 17885 ]
[ 384, 17886 ]
[ 384, 17887 ]
[ 384, 17888 ]
[ 384, 17889 ]
[ 384, 17890 ]
[ 384, 17891 ]
[ 384, 17892 ]
[ 384, 17893 ]
[ 384, 17894 ]
[ 384, 17895 ]
[ 384, 17896 ]
[ 384, 17897 ]
[ 384, 17898 ]
[ 384, 17899 ]
[ 384, 17900 ]
[ 384, 17901 ]
[ 384, 17902 ]
[ 384, 17903 ]
[ 384, 17904 ]
[ 384, 17905 ]
[ 384, 17906 ]
[ 384, 17907 ]
[ 384, 17908 ]
[ 384, 17909 ]
[ 384, 17910 ]
[ 384, 17911 ]
[ 384, 17912 ]
[ 384, 17913 ]
[ 384, 17914 ]
[ 384, 17915 ]
[ 384, 17916 ]
[ 384, 17917 ]
[ 384, 17918 ]
[ 384, 17919 ]
[ 384, 17920 ]
[ 384, 17921 ]
[ 384, 17922 ]
[ 384, 17923 ]
[ 384, 17924 ]
[ 384, 17925 ]
[ 384, 17926 ]
[ 384, 17927 ]
[ 384, 17928 ]
[ 384, 17929 ]
[ 384, 17930 ]
[ 384, 17931 ]
[ 384, 17932 ]
[ 384, 17933 ]
[ 384, 17934 ]
[ 384, 17935 ]
[ 384, 17936 ]
[ 384, 17937 ]
[ 384, 17938 ]
[ 384, 17939 ]
[ 384, 17940 ]
[ 384, 17941 ]
[ 384, 17942 ]
[ 384, 17943 ]
[ 384, 17944 ]
[ 384, 17945 ]
[ 384, 17946 ]
[ 384, 17947 ]
[ 384, 17948 ]
[ 384, 17949 ]
[ 384, 17950 ]
[ 384, 17951 ]
[ 384, 17952 ]
[ 384, 17953 ]
[ 384, 17954 ]
[ 384, 17955 ]
[ 384, 17956 ]
[ 384, 17957 ]
[ 384, 17958 ]
[ 384, 17959 ]
[ 384, 17960 ]
[ 384, 17961 ]
[ 384, 17962 ]
[ 384, 17963 ]
[ 384, 17964 ]
[ 384, 17965 ]
[ 384, 17966 ]
[ 384, 17967 ]
[ 384, 17968 ]
[ 384, 17969 ]
[ 384, 17970 ]
[ 384, 17971 ]
[ 384, 17972 ]
[ 384, 17973 ]
[ 384, 17974 ]
[ 384, 17975 ]
[ 384, 17976 ]
[ 384, 17977 ]
[ 384, 17978 ]
[ 384, 17979 ]
[ 384, 17980 ]
[ 384, 17981 ]
[ 384, 17982 ]
[ 384, 17983 ]
[ 384, 17984 ]
[ 384, 17985 ]
[ 384, 17986 ]
[ 384, 17987 ]
[ 384, 17988 ]
[ 384, 17989 ]
[ 384, 17990 ]
[ 384, 17991 ]
[ 384, 17992 ]
[ 384, 17993 ]
[ 384, 17994 ]
[ 384, 17995 ]
[ 384, 17996 ]
[ 384, 17997 ]
[ 384, 17998 ]
[ 384, 17999 ]
[ 384, 18000 ]
[ 384, 18001 ]
[ 384, 18002 ]
[ 384, 18003 ]
[ 384, 18004 ]
[ 384, 18005 ]
[ 384, 18006 ]
[ 384, 18007 ]
[ 384, 18008 ]
[ 384, 18009 ]
[ 384, 18010 ]
[ 384, 18011 ]
[ 384, 18012 ]
[ 384, 18013 ]
[ 384, 18014 ]
[ 384, 18015 ]
[ 384, 18016 ]
[ 384, 18017 ]
[ 384, 18018 ]
[ 384, 18019 ]
[ 384, 18020 ]
[ 384, 18021 ]
[ 384, 18022 ]
[ 384, 18023 ]
[ 384, 18024 ]
[ 384, 18025 ]
[ 384, 18026 ]
[ 384, 18027 ]
[ 384, 18028 ]
[ 384, 18029 ]
[ 384, 18030 ]
[ 384, 18031 ]
[ 384, 18032 ]
[ 384, 18033 ]
[ 384, 18034 ]
[ 384, 18035 ]
[ 384, 18036 ]
[ 384, 18037 ]
[ 384, 18038 ]
[ 384, 18039 ]
[ 384, 18040 ]
[ 384, 18041 ]
[ 384, 18042 ]
[ 384, 18043 ]
[ 384, 18044 ]
[ 384, 18045 ]
[ 384, 18046 ]
[ 384, 18047 ]
[ 384, 18048 ]
[ 384, 18049 ]
[ 384, 18050 ]
[ 384, 18051 ]
[ 384, 18052 ]
[ 384, 18053 ]
[ 384, 18054 ]
[ 384, 18055 ]
[ 384, 18056 ]
[ 384, 18057 ]
[ 384, 18058 ]
[ 384, 18059 ]
[ 384, 18060 ]
[ 384, 18061 ]
[ 384, 18062 ]
[ 384, 18063 ]
[ 384, 18064 ]
[ 384, 18065 ]
[ 384, 18066 ]
[ 384, 18067 ]
[ 384, 18068 ]
[ 384, 18069 ]
[ 384, 18070 ]
[ 384, 18071 ]
[ 384, 18072 ]
[ 384, 18073 ]
[ 384, 18074 ]
[ 384, 18075 ]
[ 384, 18076 ]
[ 384, 18077 ]
[ 384, 18078 ]
[ 384, 18079 ]
[ 384, 18080 ]
[ 384, 18081 ]
[ 384, 18082 ]
[ 384, 18083 ]
[ 384, 18084 ]
[ 384, 18085 ]
[ 384, 18086 ]
[ 384, 18087 ]
[ 384, 18088 ]
[ 384, 18089 ]
[ 384, 18090 ]
[ 384, 18091 ]
[ 384, 18092 ]
[ 384, 18093 ]
[ 384, 18094 ]
[ 384, 18095 ]
[ 384, 18096 ]
[ 384, 18097 ]
[ 384, 18098 ]
[ 384, 18099 ]
[ 384, 18100 ]
[ 384, 18101 ]
[ 384, 18102 ]
[ 384, 18103 ]
[ 384, 18104 ]
[ 384, 18105 ]
[ 384, 18106 ]
[ 384, 18107 ]
[ 384, 18108 ]
[ 384, 18109 ]
[ 384, 18110 ]
[ 384, 18111 ]
[ 384, 18112 ]
[ 384, 18113 ]
[ 384, 18114 ]
[ 384, 18115 ]
[ 384, 18116 ]
[ 384, 18117 ]
[ 384, 18118 ]
[ 384, 18119 ]
[ 384, 18120 ]
[ 384, 18121 ]
[ 384, 18122 ]
[ 384, 18123 ]
[ 384, 18124 ]
[ 384, 18125 ]
[ 384, 18126 ]
[ 384, 18127 ]
[ 384, 18128 ]
[ 384, 18129 ]
[ 384, 18130 ]
[ 384, 18131 ]
[ 384, 18132 ]
[ 384, 18133 ]
[ 384, 18134 ]
[ 384, 18135 ]
[ 384, 18136 ]
[ 384, 18137 ]
[ 384, 18138 ]
[ 384, 18139 ]
[ 384, 18140 ]
[ 384, 18141 ]
[ 384, 18142 ]
[ 384, 18143 ]
[ 384, 18144 ]
[ 384, 18145 ]
[ 384, 18146 ]
[ 384, 18147 ]
[ 384, 18148 ]
[ 384, 18149 ]
[ 384, 18150 ]
[ 384, 18151 ]
[ 384, 18152 ]
[ 384, 18153 ]
[ 384, 18154 ]
[ 384, 18155 ]
[ 384, 18156 ]
[ 384, 18157 ]
[ 384, 18158 ]
[ 384, 18159 ]
[ 384, 18160 ]
[ 384, 18161 ]
[ 384, 18162 ]
[ 384, 18163 ]
[ 384, 18164 ]
[ 384, 18165 ]
[ 384, 18166 ]
[ 384, 18167 ]
[ 384, 18168 ]
[ 384, 18169 ]
[ 384, 18170 ]
[ 384, 18171 ]
[ 384, 18172 ]
[ 384, 18173 ]
[ 384, 18174 ]
[ 384, 18175 ]
[ 384, 18176 ]
[ 384, 18177 ]
[ 384, 18178 ]
[ 384, 18179 ]
[ 384, 18180 ]
[ 384, 18181 ]
[ 384, 18182 ]
[ 384, 18183 ]
[ 384, 18184 ]
[ 384, 18185 ]
[ 384, 18186 ]
[ 384, 18187 ]
[ 384, 18188 ]
[ 384, 18189 ]
[ 384, 18190 ]
[ 384, 18191 ]
[ 384, 18192 ]
[ 384, 18193 ]
[ 384, 18194 ]
[ 384, 18195 ]
[ 384, 18196 ]
[ 384, 18197 ]
[ 384, 18198 ]
[ 384, 18199 ]
[ 384, 18200 ]
[ 384, 18201 ]
[ 384, 18202 ]
[ 384, 18203 ]
[ 384, 18204 ]
[ 384, 18205 ]
[ 384, 18206 ]
[ 384, 18207 ]
[ 384, 18208 ]
[ 384, 18209 ]
[ 384, 18210 ]
[ 384, 18211 ]
[ 384, 18212 ]
[ 384, 18213 ]
[ 384, 18214 ]
[ 384, 18215 ]
[ 384, 18216 ]
[ 384, 18217 ]
[ 384, 18218 ]
[ 384, 18219 ]
[ 384, 18220 ]
[ 384, 18221 ]
[ 384, 18222 ]
[ 384, 18223 ]
[ 384, 18224 ]
[ 384, 18225 ]
[ 384, 18226 ]
[ 384, 18227 ]
[ 384, 18228 ]
[ 384, 18229 ]
[ 384, 18230 ]
[ 384, 18231 ]
[ 384, 18232 ]
[ 384, 18233 ]
[ 384, 18234 ]
[ 384, 18235 ]
[ 384, 18236 ]
[ 384, 18237 ]
[ 384, 18238 ]
[ 384, 18239 ]
[ 384, 18240 ]
[ 384, 18241 ]
[ 384, 18242 ]
[ 384, 20047 ]
[ 384, 20048 ]
[ 384, 20049 ]
[ 384, 20050 ]
[ 384, 20051 ]
[ 384, 20052 ]
[ 384, 20053 ]
[ 384, 20054 ]
[ 384, 20055 ]
[ 384, 20056 ]
[ 384, 20057 ]
[ 384, 20058 ]
[ 384, 20059 ]
[ 384, 20060 ]
[ 384, 20061 ]
[ 384, 20062 ]
[ 384, 20063 ]
[ 384, 20064 ]
[ 384, 20065 ]
[ 384, 20066 ]
[ 384, 20067 ]
[ 384, 20068 ]
[ 384, 20069 ]
[ 384, 20070 ]
[ 384, 20071 ]
[ 384, 20072 ]
[ 384, 20073 ]
[ 384, 20074 ]
[ 384, 20075 ]
[ 384, 20076 ]
[ 384, 20077 ]
[ 384, 20078 ]
[ 384, 20079 ]
[ 384, 20080 ]
[ 384, 20081 ]
[ 384, 20082 ]
[ 384, 20083 ]
[ 384, 20084 ]
[ 384, 20085 ]
[ 384, 20086 ]
[ 384, 20087 ]
[ 384, 20088 ]
[ 384, 20089 ]
[ 384, 20090 ]
[ 384, 20091 ]
[ 384, 20092 ]
[ 384, 20093 ]
[ 384, 20094 ]
[ 384, 20095 ]
[ 384, 20096 ]
[ 384, 20097 ]
[ 384, 20098 ]
[ 384, 20099 ]
[ 384, 20100 ]
[ 384, 20101 ]
[ 384, 20102 ]
[ 384, 20103 ]
[ 384, 20104 ]
[ 384, 20105 ]
[ 384, 20106 ]
[ 384, 20107 ]
[ 384, 20108 ]
[ 384, 20109 ]
[ 384, 20110 ]
[ 384, 20111 ]
[ 384, 20112 ]
[ 384, 20113 ]
[ 384, 20114 ]
[ 384, 20115 ]
[ 384, 20116 ]
[ 384, 20117 ]
[ 384, 20118 ]
[ 384, 20119 ]
[ 384, 20120 ]
[ 384, 20121 ]
[ 384, 20122 ]
[ 384, 20123 ]
[ 384, 20124 ]
[ 384, 20125 ]
[ 384, 20126 ]
[ 384, 20127 ]
[ 384, 20162 ]
[ 384, 20163 ]
[ 384, 20164 ]
[ 384, 20165 ]
[ 384, 20166 ]
[ 384, 20167 ]
[ 387, 1 ]
[ 387, 3 ]
[ 390, 2 ]
[ 390, 4 ]
[ 396, 6 ]
[ 396, 24 ]
[ 399, 1 ]
[ 399, 2 ]
[ 399, 3 ]
[ 399, 4 ]
[ 402, 2 ]
[ 405, 3 ]
[ 405, 4 ]
[ 405, 6 ]
[ 405, 7 ]
[ 405, 8 ]
[ 405, 9 ]
[ 405, 10 ]
[ 405, 12 ]
[ 405, 13 ]
[ 405, 14 ]
[ 408, 14 ]
[ 408, 36 ]
[ 408, 37 ]
[ 408, 38 ]
[ 408, 42 ]
[ 417, 1 ]
[ 420, 2 ]
[ 420, 4 ]
[ 420, 14 ]
[ 420, 18 ]
[ 420, 31 ]
[ 420, 32 ]
[ 420, 33 ]
[ 429, 1 ]
[ 432, 3 ]
[ 432, 33 ]
[ 432, 35 ]
[ 432, 36 ]
[ 432, 37 ]
[ 432, 38 ]
[ 432, 39 ]
[ 432, 40 ]
[ 432, 41 ]
[ 432, 42 ]
[ 432, 57 ]
[ 432, 99 ]
[ 432, 100 ]
[ 432, 101 ]
[ 432, 102 ]
[ 432, 103 ]
[ 432, 173 ]
[ 432, 174 ]
[ 432, 175 ]
[ 432, 176 ]
[ 432, 177 ]
[ 432, 184 ]
[ 432, 185 ]
[ 432, 186 ]
[ 432, 187 ]
[ 432, 188 ]
[ 432, 189 ]
[ 432, 192 ]
[ 432, 193 ]
[ 432, 196 ]
[ 432, 197 ]
[ 432, 199 ]
[ 432, 201 ]
[ 432, 202 ]
[ 432, 204 ]
[ 432, 205 ]
[ 432, 207 ]
[ 432, 208 ]
[ 432, 210 ]
[ 432, 211 ]
[ 432, 213 ]
[ 432, 214 ]
[ 432, 216 ]
[ 432, 217 ]
[ 432, 219 ]
[ 432, 220 ]
[ 432, 222 ]
[ 432, 223 ]
[ 432, 224 ]
[ 432, 225 ]
[ 432, 226 ]
[ 432, 239 ]
[ 432, 240 ]
[ 432, 241 ]
[ 432, 242 ]
[ 432, 243 ]
[ 432, 244 ]
[ 432, 245 ]
[ 432, 246 ]
[ 432, 247 ]
[ 432, 248 ]
[ 432, 249 ]
[ 432, 250 ]
[ 432, 251 ]
[ 432, 252 ]
[ 432, 253 ]
[ 432, 254 ]
[ 432, 255 ]
[ 432, 256 ]
[ 432, 257 ]
[ 432, 258 ]
[ 432, 259 ]
[ 432, 260 ]
[ 432, 261 ]
[ 432, 262 ]
[ 432, 263 ]
[ 432, 264 ]
[ 432, 265 ]
[ 432, 266 ]
[ 432, 267 ]
[ 432, 268 ]
[ 432, 269 ]
[ 432, 270 ]
[ 432, 271 ]
[ 432, 272 ]
[ 432, 273 ]
[ 432, 274 ]
[ 432, 275 ]
[ 432, 276 ]
[ 432, 277 ]
[ 432, 278 ]
[ 432, 279 ]
[ 432, 325 ]
[ 432, 326 ]
[ 432, 327 ]
[ 432, 328 ]
[ 432, 329 ]
[ 432, 330 ]
[ 432, 331 ]
[ 432, 332 ]
[ 432, 333 ]
[ 432, 334 ]
[ 432, 335 ]
[ 432, 336 ]
[ 432, 337 ]
[ 432, 338 ]
[ 432, 339 ]
[ 432, 384 ]
[ 432, 385 ]
[ 432, 386 ]
[ 432, 387 ]
[ 432, 390 ]
[ 432, 391 ]
[ 432, 394 ]
[ 432, 395 ]
[ 432, 398 ]
[ 432, 399 ]
[ 432, 401 ]
[ 432, 402 ]
[ 432, 404 ]
[ 432, 405 ]
[ 432, 407 ]
[ 432, 408 ]
[ 432, 410 ]
[ 432, 411 ]
[ 432, 463 ]
[ 432, 521 ]
[ 432, 522 ]
[ 432, 523 ]
[ 432, 524 ]
[ 432, 525 ]
[ 432, 526 ]
[ 432, 527 ]
[ 432, 528 ]
[ 432, 531 ]
[ 432, 532 ]
[ 432, 533 ]
[ 432, 534 ]
[ 432, 535 ]
[ 432, 536 ]
[ 432, 537 ]
[ 432, 538 ]
[ 432, 539 ]
[ 432, 540 ]
[ 432, 541 ]
[ 432, 542 ]
[ 432, 543 ]
[ 432, 546 ]
[ 432, 547 ]
[ 432, 548 ]
[ 432, 549 ]
[ 432, 550 ]
[ 432, 551 ]
[ 432, 552 ]
[ 432, 553 ]
[ 432, 554 ]
[ 432, 555 ]
[ 432, 561 ]
[ 432, 563 ]
[ 432, 564 ]
[ 432, 613 ]
[ 432, 614 ]
[ 432, 615 ]
[ 432, 616 ]
[ 432, 617 ]
[ 432, 618 ]
[ 432, 619 ]
[ 432, 620 ]
[ 432, 621 ]
[ 432, 622 ]
[ 432, 623 ]
[ 432, 624 ]
[ 432, 625 ]
[ 432, 626 ]
[ 432, 627 ]
[ 432, 697 ]
[ 432, 698 ]
[ 432, 699 ]
[ 432, 734 ]
[ 432, 735 ]
[ 432, 743 ]
[ 432, 744 ]
[ 432, 745 ]
[ 432, 746 ]
[ 432, 747 ]
[ 432, 748 ]
[ 432, 749 ]
[ 432, 750 ]
[ 432, 760 ]
[ 432, 761 ]
[ 432, 762 ]
[ 432, 763 ]
[ 432, 764 ]
[ 432, 770 ]
[ 432, 771 ]
[ 438, 2 ]
[ 441, 1 ]
[ 441, 3 ]
[ 441, 5 ]
[ 441, 6 ]
[ 441, 7 ]
[ 441, 9 ]
[ 441, 10 ]
[ 441, 11 ]
[ 441, 12 ]
[ 444, 2 ]
[ 444, 12 ]
[ 444, 13 ]
[ 444, 14 ]
[ 450, 11 ]
[ 450, 13 ]
[ 450, 20 ]
[ 450, 21 ]
[ 450, 23 ]
[ 450, 25 ]
[ 453, 1 ]
[ 456, 2 ]
[ 456, 19 ]
[ 456, 20 ]
[ 456, 21 ]
[ 456, 22 ]
[ 456, 23 ]
[ 456, 42 ]
[ 456, 43 ]
[ 456, 45 ]
[ 456, 46 ]
[ 456, 48 ]
[ 456, 49 ]
[ 456, 50 ]
[ 459, 3 ]
[ 459, 4 ]
[ 462, 1 ]
[ 462, 4 ]
[ 465, 3 ]
[ 468, 2 ]
[ 468, 12 ]
[ 468, 13 ]
[ 468, 14 ]
[ 468, 20 ]
[ 468, 22 ]
[ 468, 32 ]
[ 468, 34 ]
[ 468, 47 ]
[ 468, 48 ]
[ 468, 49 ]
[ 471, 1 ]
[ 474, 2 ]
[ 480, 74 ]
[ 480, 254 ]
[ 480, 255 ]
[ 480, 256 ]
[ 480, 257 ]
[ 480, 258 ]
[ 480, 259 ]
[ 480, 260 ]
[ 480, 261 ]
[ 480, 262 ]
[ 480, 263 ]
[ 480, 264 ]
[ 480, 265 ]
[ 480, 266 ]
[ 480, 267 ]
[ 480, 268 ]
[ 480, 654 ]
[ 480, 655 ]
[ 480, 656 ]
[ 480, 657 ]
[ 480, 658 ]
[ 480, 659 ]
[ 480, 660 ]
[ 480, 961 ]
[ 480, 962 ]
[ 480, 963 ]
[ 480, 964 ]
[ 480, 965 ]
[ 480, 966 ]
[ 480, 967 ]
[ 480, 968 ]
[ 480, 969 ]
[ 480, 970 ]
[ 480, 971 ]
[ 480, 972 ]
[ 480, 973 ]
[ 480, 974 ]
[ 480, 975 ]
[ 480, 976 ]
[ 480, 977 ]
[ 480, 978 ]
[ 480, 979 ]
[ 480, 980 ]
[ 480, 981 ]
[ 480, 1013 ]
[ 480, 1014 ]
[ 480, 1015 ]
[ 480, 1016 ]
[ 480, 1017 ]
[ 480, 1018 ]
[ 480, 1019 ]
[ 480, 1020 ]
[ 480, 1021 ]
[ 480, 1022 ]
[ 480, 1023 ]
[ 480, 1024 ]
[ 480, 1025 ]
[ 480, 1026 ]
[ 480, 1027 ]
[ 480, 1028 ]
[ 480, 1029 ]
[ 480, 1030 ]
[ 480, 1031 ]
[ 480, 1032 ]
[ 480, 1033 ]
[ 480, 1034 ]
[ 480, 1035 ]
[ 480, 1036 ]
[ 480, 1037 ]
[ 480, 1038 ]
[ 480, 1039 ]
[ 480, 1040 ]
[ 480, 1041 ]
[ 480, 1042 ]
[ 480, 1043 ]
[ 480, 1044 ]
[ 480, 1045 ]
[ 480, 1126 ]
[ 480, 1127 ]
[ 480, 1128 ]
[ 480, 1129 ]
[ 480, 1130 ]
[ 480, 1131 ]
[ 480, 1132 ]
[ 480, 1133 ]
[ 480, 1134 ]
[ 480, 1189 ]
[ 480, 1191 ]
[ 480, 1192 ]
[ 480, 1193 ]
[ 480, 1198 ]
[ 480, 1199 ]
[ 480, 1200 ]
[ 480, 1201 ]
[ 480, 1202 ]
[ 480, 1203 ]
[ 480, 1208 ]
[ 480, 1209 ]
[ 483, 1 ]
[ 486, 4 ]
[ 486, 5 ]
[ 486, 6 ]
[ 486, 7 ]
[ 486, 8 ]
[ 486, 9 ]
[ 486, 10 ]
[ 486, 11 ]
[ 486, 12 ]
[ 486, 19 ]
[ 486, 21 ]
[ 486, 23 ]
[ 486, 24 ]
[ 486, 26 ]
[ 486, 28 ]
[ 486, 36 ]
[ 486, 38 ]
[ 486, 39 ]
[ 486, 40 ]
[ 486, 41 ]
[ 486, 42 ]
[ 486, 43 ]
[ 486, 44 ]
[ 486, 45 ]
[ 486, 46 ]
[ 486, 47 ]
[ 486, 48 ]
[ 486, 49 ]
[ 486, 51 ]
[ 486, 52 ]
[ 486, 53 ]
[ 486, 54 ]
[ 486, 55 ]
[ 486, 56 ]
[ 486, 57 ]
[ 486, 58 ]
[ 486, 59 ]
[ 486, 61 ]
[ 486, 62 ]
[ 486, 63 ]
[ 486, 64 ]
[ 486, 65 ]
[ 486, 66 ]
[ 486, 67 ]
[ 486, 68 ]
[ 486, 69 ]
[ 486, 71 ]
[ 486, 72 ]
[ 486, 73 ]
[ 486, 74 ]
[ 486, 75 ]
[ 486, 76 ]
[ 486, 77 ]
[ 486, 78 ]
[ 486, 79 ]
[ 486, 80 ]
[ 486, 81 ]
[ 486, 82 ]
[ 486, 84 ]
[ 486, 85 ]
[ 486, 86 ]
[ 486, 87 ]
[ 486, 88 ]
[ 486, 89 ]
[ 486, 90 ]
[ 486, 95 ]
[ 486, 97 ]
[ 486, 99 ]
[ 486, 101 ]
[ 486, 102 ]
[ 486, 104 ]
[ 486, 106 ]
[ 486, 107 ]
[ 486, 108 ]
[ 486, 109 ]
[ 486, 110 ]
[ 486, 114 ]
[ 486, 115 ]
[ 486, 117 ]
[ 486, 118 ]
[ 486, 120 ]
[ 486, 121 ]
[ 486, 123 ]
[ 486, 124 ]
[ 486, 125 ]
[ 486, 135 ]
[ 486, 140 ]
[ 486, 143 ]
[ 486, 145 ]
[ 486, 147 ]
[ 486, 149 ]
[ 486, 150 ]
[ 486, 152 ]
[ 486, 153 ]
[ 486, 156 ]
[ 486, 164 ]
[ 486, 165 ]
[ 486, 166 ]
[ 486, 168 ]
[ 486, 169 ]
[ 486, 171 ]
[ 486, 172 ]
[ 486, 174 ]
[ 486, 176 ]
[ 486, 177 ]
[ 486, 178 ]
[ 486, 179 ]
[ 486, 181 ]
[ 486, 182 ]
[ 486, 183 ]
[ 486, 185 ]
[ 486, 186 ]
[ 486, 187 ]
[ 486, 188 ]
[ 486, 189 ]
[ 486, 191 ]
[ 486, 192 ]
[ 486, 193 ]
[ 486, 194 ]
[ 486, 195 ]
[ 486, 196 ]
[ 486, 197 ]
[ 486, 198 ]
[ 486, 199 ]
[ 486, 200 ]
[ 486, 201 ]
[ 486, 202 ]
[ 486, 203 ]
[ 486, 204 ]
[ 486, 205 ]
[ 486, 206 ]
[ 486, 208 ]
[ 486, 209 ]
[ 486, 210 ]
[ 486, 211 ]
[ 486, 212 ]
[ 486, 213 ]
[ 486, 214 ]
[ 486, 215 ]
[ 486, 216 ]
[ 486, 217 ]
[ 486, 218 ]
[ 486, 219 ]
[ 486, 223 ]
[ 486, 225 ]
[ 486, 226 ]
[ 486, 230 ]
[ 486, 231 ]
[ 486, 233 ]
[ 486, 235 ]
[ 486, 243 ]
[ 486, 246 ]
[ 486, 248 ]
[ 486, 251 ]
[ 486, 252 ]
[ 486, 253 ]
[ 489, 1 ]
[ 492, 8 ]
[ 504, 2 ]
[ 504, 19 ]
[ 504, 20 ]
[ 504, 21 ]
[ 504, 22 ]
[ 504, 23 ]
[ 504, 43 ]
[ 504, 45 ]
[ 504, 52 ]
[ 504, 54 ]
[ 504, 55 ]
[ 504, 57 ]
[ 504, 58 ]
[ 504, 60 ]
[ 504, 61 ]
[ 504, 62 ]
[ 504, 74 ]
[ 504, 80 ]
[ 504, 81 ]
[ 504, 82 ]
[ 504, 83 ]
[ 504, 84 ]
[ 504, 123 ]
[ 504, 124 ]
[ 504, 125 ]
[ 504, 126 ]
[ 504, 127 ]
[ 504, 158 ]
[ 504, 159 ]
[ 504, 160 ]
[ 504, 161 ]
[ 504, 163 ]
[ 504, 174 ]
[ 504, 175 ]
[ 504, 176 ]
[ 504, 177 ]
[ 504, 179 ]
[ 504, 181 ]
[ 504, 182 ]
[ 504, 183 ]
[ 504, 184 ]
[ 504, 185 ]
[ 504, 186 ]
[ 504, 194 ]
[ 504, 195 ]
[ 504, 196 ]
[ 507, 1 ]
[ 507, 3 ]
[ 507, 4 ]
[ 507, 5 ]