1 { 1 18 } 
[(0.133974,0)        (0,0)        (0,0)]
[       (0,0)  (4.23205,0)        (0,0)]
[       (0,0)        (0,0) (0.133975,0)]

[(0.767949,0)        (0,0)        (0,0)]
[       (0,0)  (1.86603,0)        (0,0)]
[       (0,0)        (0,0)  (1.86603,0)]

2 { 2 16 } 
[(0.133974,0)        (0,0)        (0,0)]
[       (0,0)  (4.23205,0)        (0,0)]
[       (0,0)        (0,0) (0.133975,0)]

[ (1.86603,0)        (0,0)        (0,0)]
[       (0,0) (0.767949,0)        (0,0)]
[       (0,0)        (0,0)  (1.86603,0)]

3 { 3 17 } 
[(0.133974,0)        (0,0)        (0,0)]
[       (0,0)  (4.23205,0)        (0,0)]
[       (0,0)        (0,0) (0.133975,0)]

[ (1.86603,0)        (0,0)        (0,0)]
[       (0,0)  (1.86603,0)        (0,0)]
[       (0,0)        (0,0) (0.767949,0)]

4 { 4 12 } 
[ (4.23205,0)        (0,0)        (0,0)]
[       (0,0) (0.133975,0)        (0,0)]
[       (0,0)        (0,0) (0.133975,0)]

[(0.767949,0)        (0,0)        (0,0)]
[       (0,0)  (1.86603,0)        (0,0)]
[       (0,0)        (0,0)  (1.86603,0)]

5 { 5 10 } 
[ (4.23205,0)        (0,0)        (0,0)]
[       (0,0) (0.133975,0)        (0,0)]
[       (0,0)        (0,0) (0.133975,0)]

[ (1.86603,0)        (0,0)        (0,0)]
[       (0,0) (0.767949,0)        (0,0)]
[       (0,0)        (0,0)  (1.86603,0)]

6 { 6 11 } 
[ (4.23205,0)        (0,0)        (0,0)]
[       (0,0) (0.133975,0)        (0,0)]
[       (0,0)        (0,0) (0.133975,0)]

[ (1.86603,0)        (0,0)        (0,0)]
[       (0,0)  (1.86603,0)        (0,0)]
[       (0,0)        (0,0) (0.767949,0)]

7 { 7 15 } 
[(0.133974,0)        (0,0)        (0,0)]
[       (0,0) (0.133974,0)        (0,0)]
[       (0,0)        (0,0)  (4.23205,0)]

[(0.767949,0)        (0,0)        (0,0)]
[       (0,0)  (1.86603,0)        (0,0)]
[       (0,0)        (0,0)  (1.86603,0)]

8 { 8 13 } 
[(0.133974,0)        (0,0)        (0,0)]
[       (0,0) (0.133974,0)        (0,0)]
[       (0,0)        (0,0)  (4.23205,0)]

[ (1.86603,0)        (0,0)        (0,0)]
[       (0,0) (0.767949,0)        (0,0)]
[       (0,0)        (0,0)  (1.86603,0)]

9 { 9 14 } 
[(0.133974,0)        (0,0)        (0,0)]
[       (0,0) (0.133974,0)        (0,0)]
[       (0,0)        (0,0)  (4.23205,0)]

[ (1.86603,0)        (0,0)        (0,0)]
[       (0,0)  (1.86603,0)        (0,0)]
[       (0,0)        (0,0) (0.767949,0)]

10 { 19 36 } 
[(0.767949,0)        (0,0)        (0,0)]
[       (0,0)  (1.86603,0)        (0,0)]
[       (0,0)        (0,0)  (1.86603,0)]

[(0.133974,0)        (0,0)        (0,0)]
[       (0,0)  (4.23205,0)        (0,0)]
[       (0,0)        (0,0) (0.133975,0)]

11 { 20 34 } 
[(0.767949,0)        (0,0)        (0,0)]
[       (0,0)  (1.86603,0)        (0,0)]
[       (0,0)        (0,0)  (1.86603,0)]

[ (4.23205,0)        (0,0)        (0,0)]
[       (0,0) (0.133975,0)        (0,0)]
[       (0,0)        (0,0) (0.133975,0)]

12 { 21 35 } 
[(0.767949,0)        (0,0)        (0,0)]
[       (0,0)  (1.86603,0)        (0,0)]
[       (0,0)        (0,0)  (1.86603,0)]

[(0.133974,0)        (0,0)        (0,0)]
[       (0,0) (0.133974,0)        (0,0)]
[       (0,0)        (0,0)  (4.23205,0)]

13 { 22 30 } 
[ (1.86603,0)        (0,0)        (0,0)]
[       (0,0) (0.767949,0)        (0,0)]
[       (0,0)        (0,0)  (1.86603,0)]

[(0.133974,0)        (0,0)        (0,0)]
[       (0,0)  (4.23205,0)        (0,0)]
[       (0,0)        (0,0) (0.133975,0)]

14 { 23 28 } 
[ (1.86603,0)        (0,0)        (0,0)]
[       (0,0) (0.767949,0)        (0,0)]
[       (0,0)        (0,0)  (1.86603,0)]

[ (4.23205,0)        (0,0)        (0,0)]
[       (0,0) (0.133975,0)        (0,0)]
[       (0,0)        (0,0) (0.133975,0)]

15 { 24 29 } 
[ (1.86603,0)        (0,0)        (0,0)]
[       (0,0) (0.767949,0)        (0,0)]
[       (0,0)        (0,0)  (1.86603,0)]

[(0.133974,0)        (0,0)        (0,0)]
[       (0,0) (0.133974,0)        (0,0)]
[       (0,0)        (0,0)  (4.23205,0)]

16 { 25 33 } 
[ (1.86603,0)        (0,0)        (0,0)]
[       (0,0)  (1.86603,0)        (0,0)]
[       (0,0)        (0,0) (0.767949,0)]

[(0.133974,0)        (0,0)        (0,0)]
[       (0,0)  (4.23205,0)        (0,0)]
[       (0,0)        (0,0) (0.133975,0)]

17 { 26 31 } 
[ (1.86603,0)        (0,0)        (0,0)]
[       (0,0)  (1.86603,0)        (0,0)]
[       (0,0)        (0,0) (0.767949,0)]

[ (4.23205,0)        (0,0)        (0,0)]
[       (0,0) (0.133975,0)        (0,0)]
[       (0,0)        (0,0) (0.133975,0)]

18 { 27 32 } 
[ (1.86603,0)        (0,0)        (0,0)]
[       (0,0)  (1.86603,0)        (0,0)]
[       (0,0)        (0,0) (0.767949,0)]

[(0.133974,0)        (0,0)        (0,0)]
[       (0,0) (0.133974,0)        (0,0)]
[       (0,0)        (0,0)  (4.23205,0)]

19 { 37 54 91 108 } 
[ (1.67365,0)        (0,0)        (0,0)]
[       (0,0)  (2.26604,0)        (0,0)]
[       (0,0)        (0,0) (0.560307,0)]

[ (1.67365,0)        (0,0)        (0,0)]
[       (0,0)  (2.26605,0)        (0,0)]
[       (0,0)        (0,0) (0.560308,0)]

20 { 38 52 93 107 } 
[ (1.67365,0)        (0,0)        (0,0)]
[       (0,0)  (2.26604,0)        (0,0)]
[       (0,0)        (0,0) (0.560307,0)]

[(0.560307,0)        (0,0)        (0,0)]
[       (0,0)  (1.67365,0)        (0,0)]
[       (0,0)        (0,0)  (2.26604,0)]

21 { 39 53 92 106 } 
[ (1.67365,0)        (0,0)        (0,0)]
[       (0,0)  (2.26604,0)        (0,0)]
[       (0,0)        (0,0) (0.560307,0)]

[ (2.26604,0)        (0,0)        (0,0)]
[       (0,0) (0.560308,0)        (0,0)]
[       (0,0)        (0,0)  (1.67365,0)]

22 { 40 48 97 105 } 
[ (2.26604,0)        (0,0)        (0,0)]
[       (0,0) (0.560307,0)        (0,0)]
[       (0,0)        (0,0)  (1.67365,0)]

[ (1.67365,0)        (0,0)        (0,0)]
[       (0,0)  (2.26605,0)        (0,0)]
[       (0,0)        (0,0) (0.560308,0)]

23 { 41 46 99 104 } 
[ (2.26604,0)        (0,0)        (0,0)]
[       (0,0) (0.560307,0)        (0,0)]
[       (0,0)        (0,0)  (1.67365,0)]

[(0.560307,0)        (0,0)        (0,0)]
[       (0,0)  (1.67365,0)        (0,0)]
[       (0,0)        (0,0)  (2.26604,0)]

24 { 42 47 98 103 } 
[ (2.26604,0)        (0,0)        (0,0)]
[       (0,0) (0.560307,0)        (0,0)]
[       (0,0)        (0,0)  (1.67365,0)]

[ (2.26604,0)        (0,0)        (0,0)]
[       (0,0) (0.560308,0)        (0,0)]
[       (0,0)        (0,0)  (1.67365,0)]

25 { 43 51 94 102 } 
[(0.560307,0)        (0,0)        (0,0)]
[       (0,0)  (1.67365,0)        (0,0)]
[       (0,0)        (0,0)  (2.26604,0)]

[ (1.67365,0)        (0,0)        (0,0)]
[       (0,0)  (2.26605,0)        (0,0)]
[       (0,0)        (0,0) (0.560308,0)]

26 { 44 49 96 101 } 
[(0.560307,0)        (0,0)        (0,0)]
[       (0,0)  (1.67365,0)        (0,0)]
[       (0,0)        (0,0)  (2.26604,0)]

[(0.560307,0)        (0,0)        (0,0)]
[       (0,0)  (1.67365,0)        (0,0)]
[       (0,0)        (0,0)  (2.26604,0)]

27 { 45 50 95 100 } 
[(0.560307,0)        (0,0)        (0,0)]
[       (0,0)  (1.67365,0)        (0,0)]
[       (0,0)        (0,0)  (2.26604,0)]

[ (2.26604,0)        (0,0)        (0,0)]
[       (0,0) (0.560308,0)        (0,0)]
[       (0,0)        (0,0)  (1.67365,0)]

28 { 55 72 } 
[(0.638449,0)        (0,0)        (0,0)]
[       (0,0)  (3.00048,0)        (0,0)]
[       (0,0)        (0,0) (0.861075,0)]

[ (3.89364,0)        (0,0)        (0,0)]
[       (0,0)  (0.34682,0)        (0,0)]
[       (0,0)        (0,0) (0.259539,0)]

29 { 56 70 } 
[(0.638449,0)        (0,0)        (0,0)]
[       (0,0)  (3.00048,0)        (0,0)]
[       (0,0)        (0,0) (0.861075,0)]

[(0.34682,0)       (0,0)       (0,0)]
[      (0,0) (0.25954,0)       (0,0)]
[      (0,0)       (0,0) (3.89364,0)]

30 { 57 71 } 
[(0.638449,0)        (0,0)        (0,0)]
[       (0,0)  (3.00048,0)        (0,0)]
[       (0,0)        (0,0) (0.861075,0)]

[ (0.25954,0)        (0,0)        (0,0)]
[       (0,0)  (3.89364,0)        (0,0)]
[       (0,0)        (0,0) (0.346821,0)]

31 { 58 66 } 
[(0.861074,0)        (0,0)        (0,0)]
[       (0,0) (0.638449,0)        (0,0)]
[       (0,0)        (0,0)  (3.00047,0)]

[ (3.89364,0)        (0,0)        (0,0)]
[       (0,0)  (0.34682,0)        (0,0)]
[       (0,0)        (0,0) (0.259539,0)]

32 { 59 64 } 
[(0.861074,0)        (0,0)        (0,0)]
[       (0,0) (0.638449,0)        (0,0)]
[       (0,0)        (0,0)  (3.00047,0)]

[(0.34682,0)       (0,0)       (0,0)]
[      (0,0) (0.25954,0)       (0,0)]
[      (0,0)       (0,0) (3.89364,0)]

33 { 60 65 } 
[(0.861074,0)        (0,0)        (0,0)]
[       (0,0) (0.638449,0)        (0,0)]
[       (0,0)        (0,0)  (3.00047,0)]

[ (0.25954,0)        (0,0)        (0,0)]
[       (0,0)  (3.89364,0)        (0,0)]
[       (0,0)        (0,0) (0.346821,0)]

34 { 61 69 } 
[ (3.00047,0)        (0,0)        (0,0)]
[       (0,0) (0.861074,0)        (0,0)]
[       (0,0)        (0,0) (0.638449,0)]

[ (3.89364,0)        (0,0)        (0,0)]
[       (0,0)  (0.34682,0)        (0,0)]
[       (0,0)        (0,0) (0.259539,0)]

35 { 62 67 } 
[ (3.00047,0)        (0,0)        (0,0)]
[       (0,0) (0.861074,0)        (0,0)]
[       (0,0)        (0,0) (0.638449,0)]

[(0.34682,0)       (0,0)       (0,0)]
[      (0,0) (0.25954,0)       (0,0)]
[      (0,0)       (0,0) (3.89364,0)]

36 { 63 68 } 
[ (3.00047,0)        (0,0)        (0,0)]
[       (0,0) (0.861074,0)        (0,0)]
[       (0,0)        (0,0) (0.638449,0)]

[ (0.25954,0)        (0,0)        (0,0)]
[       (0,0)  (3.89364,0)        (0,0)]
[       (0,0)        (0,0) (0.346821,0)]

37 { 73 90 } 
[ (3.89364,0)        (0,0)        (0,0)]
[       (0,0)  (0.34682,0)        (0,0)]
[       (0,0)        (0,0) (0.259539,0)]

[(0.638449,0)        (0,0)        (0,0)]
[       (0,0)  (3.00048,0)        (0,0)]
[       (0,0)        (0,0) (0.861075,0)]

38 { 74 88 } 
[ (3.89364,0)        (0,0)        (0,0)]
[       (0,0)  (0.34682,0)        (0,0)]
[       (0,0)        (0,0) (0.259539,0)]

[(0.861074,0)        (0,0)        (0,0)]
[       (0,0) (0.638449,0)        (0,0)]
[       (0,0)        (0,0)  (3.00047,0)]

39 { 75 89 } 
[ (3.89364,0)        (0,0)        (0,0)]
[       (0,0)  (0.34682,0)        (0,0)]
[       (0,0)        (0,0) (0.259539,0)]

[ (3.00047,0)        (0,0)        (0,0)]
[       (0,0) (0.861074,0)        (0,0)]
[       (0,0)        (0,0) (0.638449,0)]

40 { 76 84 } 
[(0.34682,0)       (0,0)       (0,0)]
[      (0,0) (0.25954,0)       (0,0)]
[      (0,0)       (0,0) (3.89364,0)]

[(0.638449,0)        (0,0)        (0,0)]
[       (0,0)  (3.00048,0)        (0,0)]
[       (0,0)        (0,0) (0.861075,0)]

41 { 77 82 } 
[(0.34682,0)       (0,0)       (0,0)]
[      (0,0) (0.25954,0)       (0,0)]
[      (0,0)       (0,0) (3.89364,0)]

[(0.861074,0)        (0,0)        (0,0)]
[       (0,0) (0.638449,0)        (0,0)]
[       (0,0)        (0,0)  (3.00047,0)]

42 { 78 83 } 
[(0.34682,0)       (0,0)       (0,0)]
[      (0,0) (0.25954,0)       (0,0)]
[      (0,0)       (0,0) (3.89364,0)]

[ (3.00047,0)        (0,0)        (0,0)]
[       (0,0) (0.861074,0)        (0,0)]
[       (0,0)        (0,0) (0.638449,0)]

43 { 79 87 } 
[ (0.25954,0)        (0,0)        (0,0)]
[       (0,0)  (3.89364,0)        (0,0)]
[       (0,0)        (0,0) (0.346821,0)]

[(0.638449,0)        (0,0)        (0,0)]
[       (0,0)  (3.00048,0)        (0,0)]
[       (0,0)        (0,0) (0.861075,0)]

44 { 80 85 } 
[ (0.25954,0)        (0,0)        (0,0)]
[       (0,0)  (3.89364,0)        (0,0)]
[       (0,0)        (0,0) (0.346821,0)]

[(0.861074,0)        (0,0)        (0,0)]
[       (0,0) (0.638449,0)        (0,0)]
[       (0,0)        (0,0)  (3.00047,0)]

45 { 81 86 } 
[ (0.25954,0)        (0,0)        (0,0)]
[       (0,0)  (3.89364,0)        (0,0)]
[       (0,0)        (0,0) (0.346821,0)]

[ (3.00047,0)        (0,0)        (0,0)]
[       (0,0) (0.861074,0)        (0,0)]
[       (0,0)        (0,0) (0.638449,0)]

46 { 109 110 111 112 113 114 115 116 117 118 119 120 121 122 123 124 125 126 127 128 129 130 131 132 133 134 135 136 137 138 139 140 141 142 143 144 145 146 147 148 149 150 151 152 153 154 155 156 157 158 159 160 161 162 } 
[(1.5,0)   (0,0)   (0,0)]
[  (0,0) (1.5,0)   (0,0)]
[  (0,0)   (0,0) (1.5,0)]

[(1.5,0)   (0,0)   (0,0)]
[  (0,0) (1.5,0)   (0,0)]
[  (0,0)   (0,0) (1.5,0)]

47 { 163 164 165 166 167 168 169 170 171 172 173 174 175 176 177 178 179 180 181 182 183 184 185 186 187 188 189 190 191 192 193 194 195 196 197 198 199 200 201 202 203 204 205 206 207 208 209 210 211 212 213 214 215 216 } 
[(0.5,0)   (0,0)   (0,0)]
[  (0,0) (0.5,0)   (0,0)]
[  (0,0)   (0,0) (0.5,0)]

[(1.5,0)   (0,0)   (0,0)]
[  (0,0) (1.5,0)   (0,0)]
[  (0,0)   (0,0) (1.5,0)]

48 { 217 218 219 220 221 222 223 224 225 226 227 228 229 230 231 232 233 234 235 236 237 238 239 240 241 242 243 244 245 246 247 248 249 250 251 252 253 254 255 256 257 258 259 260 261 262 263 264 265 266 267 268 269 270 } 
[(1.5,0)   (0,0)   (0,0)]
[  (0,0) (1.5,0)   (0,0)]
[  (0,0)   (0,0) (1.5,0)]

[(0.5,0)   (0,0)   (0,0)]
[  (0,0) (0.5,0)   (0,0)]
[  (0,0)   (0,0) (0.5,0)]

