1
[(1,0) (0,0) (0,0) (0,0) (0,0) (0,0) (0,0) (0,0) (0,0) (0,0) (0,0) (0,0) (0,0) (1,0) (0,0) (0,0) (0,0) (0,0) (0,0) (0,0) (0,0) (0,0) (0,0) (0,0) (0,0) (0,0) (1,0)]
[ 243, 19 ]
2
[(0,0) (0,0) (0,0) (0,0) (0,0) (1,0) (0,0) (0,0) (0,0) (0,0) (0,0) (0,0) (0,0) (0,0) (0,0) (1,0) (0,0) (0,0) (0,0) (1,0) (0,0) (0,0) (0,0) (0,0) (0,0) (0,0) (0,0)]
[ 243, 19 ]
3
[(0,0) (0,0) (0,0) (0,0) (0,0) (0,0) (0,0) (1,0) (0,0) (0,0) (0,0) (1,0) (0,0) (0,0) (0,0) (0,0) (0,0) (0,0) (0,0) (0,0) (0,0) (1,0) (0,0) (0,0) (0,0) (0,0) (0,0)]
[ 243, 19 ]
4
[(0,0) (0,0) (0,0) (0,0) (0,0) (0,0) (0,0) (1,0) (0,0) (0,0) (0,0) (-0.5,-0.866025) (0,0) (0,0) (0,0) (0,0) (0,0) (0,0) (0,0) (0,0) (0,0) (1,0) (0,0) (0,0) (0,0) (0,0) (0,0)]
[ 243, 19 ]
5
[(0,0) (0,0) (0,0) (0,0) (0,0) (1,0) (0,0) (0,0) (0,0) (0,0) (0,0) (0,0) (0,0) (0,0) (0,0) (-0.5,0.866025) (0,0) (0,0) (0,0) (1,0) (0,0) (0,0) (0,0) (0,0) (0,0) (0,0) (0,0)]
[ 243, 19 ]
6
[(0,0) (0,0) (0,0) (0,0) (0,0) (0,0) (0,0) (1,0) (0,0) (0,0) (0,0) (-0.5,0.866025) (0,0) (0,0) (0,0) (0,0) (0,0) (0,0) (0,0) (0,0) (0,0) (1,0) (0,0) (0,0) (0,0) (0,0) (0,0)]
[ 243, 19 ]
7
[(0,0) (0,0) (0,0) (0,0) (0,0) (1,0) (0,0) (0,0) (0,0) (0,0) (0,0) (0,0) (0,0) (0,0) (0,0) (-0.5,-0.866025) (0,0) (0,0) (0,0) (1,0) (0,0) (0,0) (0,0) (0,0) (0,0) (0,0) (0,0)]
[ 243, 19 ]
8
[(0,0) (0,0) (1,0) (1,0) (0,0) (0,0) (0,0) (1,0) (0,0) (0,0) (0,0) (1,0) (-0.5,0.866025) (0,0) (0,0) (0,0) (-0.5,-0.866026) (0,0) (0,0) (0,0) (-0.5,-0.866026) (-0.5,0.866025) (0,0) (0,0) (0,0) (1,0) (0,0)]
[ 243, 19 ]
9
[(0,0) (0,0) (1,0) (1,0) (0,0) (0,0) (0,0) (1,0) (0,0) (0,0) (0,0) (-0.5,0.866025) (-0.5,-0.866025) (0,0) (0,0) (0,0) (1,0) (0,0) (0,0) (0,0) (-0.5,0.866025) (1,0) (0,0) (0,0) (0,0) (-0.5,-0.866025) (0,0)]
[ 243, 19 ]
10
[(0,0) (0,0) (1,0) (1,0) (0,0) (0,0) (0,0) (1,0) (0,0) (0,0) (0,0) (-0.5,-0.866026) (1,0) (0,0) (0,0) (0,0) (-0.5,0.866026) (0,0) (0,0) (0,0) (1,0) (-0.5,-0.866026) (0,0) (0,0) (0,0) (-0.5,0.866026) (0,0)]
[ 243, 19 ]
11
[(0,0) (1,0) (0,0) (0,0) (0,0) (1,0) (1,0) (0,0) (0,0) (0,0) (-0.5,0.866025) (0,0) (0,0) (0,0) (-0.5,-0.866025) (1,0) (0,0) (0,0) (0,0) (-0.5,0.866025) (0,0) (0,0) (0,0) (1,0) (-0.5,-0.866025) (0,0) (0,0)]
[ 243, 19 ]
12
[(0,0) (1,0) (0,0) (0,0) (0,0) (1,0) (1,0) (0,0) (0,0) (0,0) (-0.5,-0.866025) (0,0) (0,0) (0,0) (1,0) (-0.5,0.866025) (0,0) (0,0) (0,0) (1,0) (0,0) (0,0) (0,0) (-0.5,-0.866025) (-0.5,0.866025) (0,0) (0,0)]
[ 243, 19 ]
13
[(0,0) (1,0) (0,0) (0,0) (0,0) (1,0) (1,0) (0,0) (0,0) (0,0) (1,0) (0,0) (0,0) (0,0) (-0.5,0.866025) (-0.5,-0.866025) (0,0) (0,0) (0,0) (-0.5,-0.866025) (0,0) (0,0) (0,0) (-0.5,0.866026) (1,0) (0,0) (0,0)]
[ 243, 19 ]
14
[(0,0) (1,0) (0,0) (0,0) (0,0) (1,0) (1,0) (0,0) (0,0) (0,0) (-0.5,-0.866025) (0,0) (0,0) (0,0) (-0.5,0.866025) (1,0) (0,0) (0,0) (0,0) (-0.5,-0.866025) (0,0) (0,0) (0,0) (1,0) (-0.5,0.866025) (0,0) (0,0)]
[ 243, 19 ]
15
[(0,0) (1,0) (0,0) (0,0) (0,0) (1,0) (1,0) (0,0) (0,0) (0,0) (1,0) (0,0) (0,0) (0,0) (-0.5,-0.866025) (-0.5,0.866025) (0,0) (0,0) (0,0) (-0.5,0.866025) (0,0) (0,0) (0,0) (-0.5,-0.866026) (1,0) (0,0) (0,0)]
[ 243, 19 ]
16
[(0,0) (1,0) (0,0) (0,0) (0,0) (1,0) (1,0) (0,0) (0,0) (0,0) (-0.5,0.866025) (0,0) (0,0) (0,0) (1,0) (-0.5,-0.866025) (0,0) (0,0) (0,0) (1,0) (0,0) (0,0) (0,0) (-0.5,0.866025) (-0.5,-0.866025) (0,0) (0,0)]
[ 243, 19 ]
17
[(0,0) (0,0) (1,0) (1,0) (0,0) (0,0) (0,0) (1,0) (0,0) (0,0) (0,0) (1,0) (-0.5,-0.866025) (0,0) (0,0) (0,0) (-0.5,0.866026) (0,0) (0,0) (0,0) (-0.5,0.866026) (-0.5,-0.866025) (0,0) (0,0) (0,0) (1,0) (0,0)]
[ 243, 19 ]
18
[(0,0) (0,0) (1,0) (1,0) (0,0) (0,0) (0,0) (1,0) (0,0) (0,0) (0,0) (-0.5,0.866026) (1,0) (0,0) (0,0) (0,0) (-0.5,-0.866026) (0,0) (0,0) (0,0) (1,0) (-0.5,0.866026) (0,0) (0,0) (0,0) (-0.5,-0.866026) (0,0)]
[ 243, 19 ]
19
[(0,0) (0,0) (1,0) (1,0) (0,0) (0,0) (0,0) (1,0) (0,0) (0,0) (0,0) (-0.5,-0.866025) (-0.5,0.866025) (0,0) (0,0) (0,0) (1,0) (0,0) (0,0) (0,0) (-0.5,-0.866025) (1,0) (0,0) (0,0) (0,0) (-0.5,0.866025) (0,0)]
[ 243, 19 ]
20
[(0,0) (0,0) (0,0) (0,0) (0,0) (1,0) (0,0) (0,0) (0,0) (0,0) (0,0) (0,0) (0,0) (0,0) (0,0) (-0.5,0.866025) (0,0) (0,0) (0,0) (-0.5,0.866025) (0,0) (0,0) (0,0) (0,0) (0,0) (0,0) (0,0)]
[ 243, 19 ]
21
[(0,0) (0,0) (0,0) (0,0) (0,0) (0,0) (0,0) (1,0) (0,0) (0,0) (0,0) (1,0) (0,0) (0,0) (0,0) (0,0) (0,0) (0,0) (0,0) (0,0) (0,0) (-0.5,0.866025) (0,0) (0,0) (0,0) (0,0) (0,0)]
[ 243, 19 ]
22
[(0,0) (0,0) (0,0) (0,0) (0,0) (0,0) (0,0) (1,0) (0,0) (0,0) (0,0) (-0.5,-0.866025) (0,0) (0,0) (0,0) (0,0) (0,0) (0,0) (0,0) (0,0) (0,0) (-0.5,0.866025) (0,0) (0,0) (0,0) (0,0) (0,0)]
[ 243, 19 ]
23
[(0,0) (0,0) (0,0) (0,0) (0,0) (1,0) (0,0) (0,0) (0,0) (0,0) (0,0) (0,0) (0,0) (0,0) (0,0) (-0.5,-0.866025) (0,0) (0,0) (0,0) (-0.5,0.866025) (0,0) (0,0) (0,0) (0,0) (0,0) (0,0) (0,0)]
[ 243, 19 ]
24
[(0,0) (0,0) (0,0) (0,0) (0,0) (1,0) (0,0) (0,0) (0,0) (0,0) (0,0) (0,0) (0,0) (0,0) (0,0) (1,0) (0,0) (0,0) (0,0) (-0.5,0.866026) (0,0) (0,0) (0,0) (0,0) (0,0) (0,0) (0,0)]
[ 243, 19 ]
25
[(0,0) (0,0) (0,0) (0,0) (0,0) (0,0) (0,0) (1,0) (0,0) (0,0) (0,0) (-0.5,0.866025) (0,0) (0,0) (0,0) (0,0) (0,0) (0,0) (0,0) (0,0) (0,0) (-0.5,0.866025) (0,0) (0,0) (0,0) (0,0) (0,0)]
[ 243, 19 ]
26
[(0,0) (0,0) (1,0) (1,0) (0,0) (0,0) (0,0) (1,0) (0,0) (0,0) (0,0) (0.766044,0.642787) (-0.939692,0.34202) (0,0) (0,0) (0,0) (0.173648,-0.984807) (0,0) (0,0) (0,0) (0.766044,-0.642787) (-0.939692,-0.34202) (0,0) (0,0) (0,0) (0.173648,0.984807) (0,0)]
[ 243, 19 ]
27
[(0,0) (0,0) (1,0) (0.999999,0) (0,0) (0,0) (0,0) (1,0) (0,0) (0,0) (0,0) (-0.939693,0.34202) (0.173648,-0.984807) (0,0) (0,0) (0,0) (0.766044,0.642787) (0,0) (0,0) (0,0) (-0.939692,-0.34202) (0.173648,0.984808) (0,0) (0,0) (0,0) (0.766044,-0.642788) (0,0)]
[ 243, 19 ]
28
[(0,0) (0,0) (1,0) (1,0) (0,0) (0,0) (0,0) (1,0) (0,0) (0,0) (0,0) (0.173648,-0.984808) (0.766044,0.642788) (0,0) (0,0) (0,0) (-0.939693,0.34202) (0,0) (0,0) (0,0) (0.173648,0.984808) (0.766044,-0.642788) (0,0) (0,0) (0,0) (-0.939692,-0.34202) (0,0)]
[ 243, 19 ]
29
[(0,0) (1,0) (0,0) (0,0) (0,0) (1,0) (1,0) (0,0) (0,0) (0,0) (-0.939692,0.34202) (0,0) (0,0) (0,0) (0.173648,-0.984808) (0.766044,0.642787) (0,0) (0,0) (0,0) (-0.939692,-0.34202) (0,0) (0,0) (0,0) (0.173648,0.984807) (0.766044,-0.642787) (0,0) (0,0)]
[ 243, 19 ]
30
[(0,0) (1,0) (0,0) (0,0) (0,0) (1,0) (1,0) (0,0) (0,0) (0,0) (0.173648,-0.984808) (0,0) (0,0) (0,0) (0.766044,0.642788) (-0.939692,0.34202) (0,0) (0,0) (0,0) (0.173648,0.984807) (0,0) (0,0) (0,0) (0.766044,-0.642787) (-0.939692,-0.34202) (0,0) (0,0)]
[ 243, 19 ]
31
[(0,0) (1,0) (0,0) (0,0) (0,0) (1,0) (1,0) (0,0) (0,0) (0,0) (0.766045,0.642788) (0,0) (0,0) (0,0) (-0.939693,0.34202) (0.173649,-0.984808) (0,0) (0,0) (0,0) (0.766045,-0.642788) (0,0) (0,0) (0,0) (-0.939693,-0.34202) (0.173648,0.984808) (0,0) (0,0)]
[ 243, 19 ]
32
[(0,0) (1,0) (0,0) (0,0) (0,0) (1,0) (1,0) (0,0) (0,0) (0,0) (0.173648,-0.984808) (0,0) (0,0) (0,0) (-0.939693,0.34202) (0.766044,0.642787) (0,0) (0,0) (0,0) (0.766044,-0.642788) (0,0) (0,0) (0,0) (0.173648,0.984808) (-0.939692,-0.34202) (0,0) (0,0)]
[ 243, 19 ]
33
[(0,0) (1,0) (0,0) (0,0) (0,0) (1,0) (0.999999,0) (0,0) (0,0) (0,0) (0.766044,0.642787) (0,0) (0,0) (0,0) (0.173648,-0.984808) (-0.939692,0.34202) (0,0) (0,0) (0,0) (-0.939692,-0.34202) (0,0) (0,0) (0,0) (0.766044,-0.642787) (0.173648,0.984808) (0,0) (0,0)]
[ 243, 19 ]
34
[(0,0) (1,0) (0,0) (0,0) (0,0) (1,0) (1,0) (0,0) (0,0) (0,0) (-0.939692,0.34202) (0,0) (0,0) (0,0) (0.766044,0.642787) (0.173648,-0.984807) (0,0) (0,0) (0,0) (0.173648,0.984807) (0,0) (0,0) (0,0) (-0.939692,-0.34202) (0.766044,-0.642787) (0,0) (0,0)]
[ 243, 19 ]
35
[(0,0) (0,0) (1,0) (1,0) (0,0) (0,0) (0,0) (1,0) (0,0) (0,0) (0,0) (0.766045,0.642788) (0.173648,-0.984808) (0,0) (0,0) (0,0) (-0.939693,0.34202) (0,0) (0,0) (0,0) (-0.939693,-0.34202) (0.766044,-0.642788) (0,0) (0,0) (0,0) (0.173648,0.984808) (0,0)]
[ 243, 19 ]
36
[(0,0) (0,0) (1,0) (1,0) (0,0) (0,0) (0,0) (1,0) (0,0) (0,0) (0,0) (-0.939692,0.34202) (0.766044,0.642788) (0,0) (0,0) (0,0) (0.173648,-0.984808) (0,0) (0,0) (0,0) (0.173648,0.984808) (-0.939692,-0.34202) (0,0) (0,0) (0,0) (0.766044,-0.642788) (0,0)]
[ 243, 19 ]
37
[(0,0) (0,0) (1,0) (1,0) (0,0) (0,0) (0,0) (0.999999,0) (0,0) (0,0) (0,0) (0.173648,-0.984807) (-0.939692,0.34202) (0,0) (0,0) (0,0) (0.766044,0.642787) (0,0) (0,0) (0,0) (0.766044,-0.642787) (0.173648,0.984807) (0,0) (0,0) (0,0) (-0.939692,-0.34202) (0,0)]
[ 243, 19 ]
38
[(0,0) (0,0) (0,0) (0,0) (0,0) (1,0) (0,0) (0,0) (0,0) (0,0) (0,0) (0,0) (0,0) (0,0) (0,0) (-0.5,-0.866025) (0,0) (0,0) (0,0) (-0.5,-0.866025) (0,0) (0,0) (0,0) (0,0) (0,0) (0,0) (0,0)]
[ 243, 19 ]
39
[(0,0) (0,0) (0,0) (0,0) (0,0) (0,0) (0,0) (1,0) (0,0) (0,0) (0,0) (1,0) (0,0) (0,0) (0,0) (0,0) (0,0) (0,0) (0,0) (0,0) (0,0) (-0.5,-0.866025) (0,0) (0,0) (0,0) (0,0) (0,0)]
[ 243, 19 ]
40
[(0,0) (0,0) (0,0) (0,0) (0,0) (1,0) (0,0) (0,0) (0,0) (0,0) (0,0) (0,0) (0,0) (0,0) (0,0) (1,0) (0,0) (0,0) (0,0) (-0.5,-0.866026) (0,0) (0,0) (0,0) (0,0) (0,0) (0,0) (0,0)]
[ 243, 19 ]
41
[(0,0) (0,0) (0,0) (0,0) (0,0) (0,0) (0,0) (1,0) (0,0) (0,0) (0,0) (-0.5,-0.866025) (0,0) (0,0) (0,0) (0,0) (0,0) (0,0) (0,0) (0,0) (0,0) (-0.5,-0.866025) (0,0) (0,0) (0,0) (0,0) (0,0)]
[ 243, 19 ]
42
[(0,0) (0,0) (0,0) (0,0) (0,0) (0,0) (0,0) (1,0) (0,0) (0,0) (0,0) (-0.5,0.866025) (0,0) (0,0) (0,0) (0,0) (0,0) (0,0) (0,0) (0,0) (0,0) (-0.5,-0.866025) (0,0) (0,0) (0,0) (0,0) (0,0)]
[ 243, 19 ]
43
[(0,0) (0,0) (0,0) (0,0) (0,0) (1,0) (0,0) (0,0) (0,0) (0,0) (0,0) (0,0) (0,0) (0,0) (0,0) (-0.5,0.866025) (0,0) (0,0) (0,0) (-0.5,-0.866025) (0,0) (0,0) (0,0) (0,0) (0,0) (0,0) (0,0)]
[ 243, 19 ]
44
[(0,0) (0,0) (1,0) (1,0) (0,0) (0,0) (0,0) (0.999999,0) (0,0) (0,0) (0,0) (0.173648,0.984807) (-0.939692,-0.34202) (0,0) (0,0) (0,0) (0.766044,-0.642787) (0,0) (0,0) (0,0) (0.766044,0.642787) (0.173648,-0.984807) (0,0) (0,0) (0,0) (-0.939692,0.34202) (0,0)]
[ 243, 19 ]
45
[(0,0) (0,0) (1,0) (1,0) (0,0) (0,0) (0,0) (1,0) (0,0) (0,0) (0,0) (-0.939692,-0.34202) (0.766044,-0.642788) (0,0) (0,0) (0,0) (0.173648,0.984808) (0,0) (0,0) (0,0) (0.173648,-0.984808) (-0.939692,0.34202) (0,0) (0,0) (0,0) (0.766044,0.642788) (0,0)]
[ 243, 19 ]
46
[(0,0) (0,0) (1,0) (1,0) (0,0) (0,0) (0,0) (1,0) (0,0) (0,0) (0,0) (0.766045,-0.642788) (0.173648,0.984808) (0,0) (0,0) (0,0) (-0.939693,-0.34202) (0,0) (0,0) (0,0) (-0.939693,0.34202) (0.766044,0.642788) (0,0) (0,0) (0,0) (0.173648,-0.984808) (0,0)]
[ 243, 19 ]
47
[(0,0) (1,0) (0,0) (0,0) (0,0) (1,0) (1,0) (0,0) (0,0) (0,0) (-0.939692,-0.34202) (0,0) (0,0) (0,0) (0.766044,-0.642787) (0.173648,0.984807) (0,0) (0,0) (0,0) (0.173648,-0.984807) (0,0) (0,0) (0,0) (-0.939692,0.34202) (0.766044,0.642787) (0,0) (0,0)]
[ 243, 19 ]
48
[(0,0) (1,0) (0,0) (0,0) (0,0) (1,0) (0.999999,0) (0,0) (0,0) (0,0) (0.766044,-0.642787) (0,0) (0,0) (0,0) (0.173648,0.984808) (-0.939692,-0.34202) (0,0) (0,0) (0,0) (-0.939692,0.34202) (0,0) (0,0) (0,0) (0.766044,0.642787) (0.173648,-0.984808) (0,0) (0,0)]
[ 243, 19 ]
49
[(0,0) (1,0) (0,0) (0,0) (0,0) (1,0) (1,0) (0,0) (0,0) (0,0) (0.173648,0.984808) (0,0) (0,0) (0,0) (-0.939693,-0.34202) (0.766044,-0.642787) (0,0) (0,0) (0,0) (0.766044,0.642788) (0,0) (0,0) (0,0) (0.173648,-0.984808) (-0.939692,0.34202) (0,0) (0,0)]
[ 243, 19 ]
50
[(0,0) (1,0) (0,0) (0,0) (0,0) (1,0) (1,0) (0,0) (0,0) (0,0) (0.766045,-0.642788) (0,0) (0,0) (0,0) (-0.939693,-0.34202) (0.173649,0.984808) (0,0) (0,0) (0,0) (0.766045,0.642788) (0,0) (0,0) (0,0) (-0.939693,0.34202) (0.173648,-0.984808) (0,0) (0,0)]
[ 243, 19 ]
51
[(0,0) (1,0) (0,0) (0,0) (0,0) (1,0) (1,0) (0,0) (0,0) (0,0) (0.173648,0.984808) (0,0) (0,0) (0,0) (0.766044,-0.642788) (-0.939692,-0.34202) (0,0) (0,0) (0,0) (0.173648,-0.984807) (0,0) (0,0) (0,0) (0.766044,0.642787) (-0.939692,0.34202) (0,0) (0,0)]
[ 243, 19 ]
52
[(0,0) (1,0) (0,0) (0,0) (0,0) (1,0) (1,0) (0,0) (0,0) (0,0) (-0.939692,-0.34202) (0,0) (0,0) (0,0) (0.173648,0.984808) (0.766044,-0.642787) (0,0) (0,0) (0,0) (-0.939692,0.34202) (0,0) (0,0) (0,0) (0.173648,-0.984807) (0.766044,0.642787) (0,0) (0,0)]
[ 243, 19 ]
53
[(0,0) (0,0) (1,0) (1,0) (0,0) (0,0) (0,0) (1,0) (0,0) (0,0) (0,0) (0.173648,0.984808) (0.766044,-0.642788) (0,0) (0,0) (0,0) (-0.939693,-0.34202) (0,0) (0,0) (0,0) (0.173648,-0.984808) (0.766044,0.642788) (0,0) (0,0) (0,0) (-0.939692,0.34202) (0,0)]
[ 243, 19 ]
54
[(0,0) (0,0) (1,0) (0.999999,0) (0,0) (0,0) (0,0) (1,0) (0,0) (0,0) (0,0) (-0.939693,-0.34202) (0.173648,0.984807) (0,0) (0,0) (0,0) (0.766044,-0.642787) (0,0) (0,0) (0,0) (-0.939692,0.34202) (0.173648,-0.984808) (0,0) (0,0) (0,0) (0.766044,0.642788) (0,0)]
[ 243, 19 ]
55
[(0,0) (0,0) (1,0) (1,0) (0,0) (0,0) (0,0) (1,0) (0,0) (0,0) (0,0) (0.766044,-0.642787) (-0.939692,-0.34202) (0,0) (0,0) (0,0) (0.173648,0.984807) (0,0) (0,0) (0,0) (0.766044,0.642787) (-0.939692,0.34202) (0,0) (0,0) (0,0) (0.173648,-0.984807) (0,0)]
[ 243, 19 ]
56
[(0,0) (0,0) (1,0) (0,0) (0,0) (1,0) (0,0) (0,0) (-0.5,-0.866025) (1,0) (0,0) (0,0) (-0.5,0.866025) (0,0) (0,0) (-0.5,0.866025) (0,0) (0,0) (0,0) (1,0) (0,0) (0,0) (-0.5,-0.866025) (0,0) (0,0) (1,0) (0,0)]
[ 243, 19 ]
57
[(0,0) (0,0) (1,0) (0,0) (0,0) (-0.5,0.866025) (0,0) (0,0) (-0.5,0.866026) (1,0) (0,0) (0,0) (-0.5,-0.866025) (0,0) (0,0) (1,0) (0,0) (0,0) (0,0) (1,0) (0,0) (0,0) (1,0) (0,0) (0,0) (-0.5,-0.866026) (0,0)]
[ 243, 19 ]
58
[(0,0) (0,0) (1,0) (0,0) (0,0) (-0.5,-0.866025) (0,0) (0,0) (1,0) (1,0) (0,0) (0,0) (1,0) (0,0) (0,0) (-0.5,-0.866025) (0,0) (0,0) (0,0) (1,0) (0,0) (0,0) (-0.5,0.866026) (0,0) (0,0) (-0.5,0.866026) (0,0)]
[ 243, 19 ]
59
[(0,0) (1,0) (0,0) (0,0) (-0.5,-0.866025) (0,0) (0,0) (-0.5,-0.866025) (0,0) (0,0) (0,0) (1,0) (0,0) (0,0) (-0.5,0.866025) (0,0) (0,0) (1,0) (1,0) (0,0) (0,0) (1,0) (0,0) (0,0) (-0.5,0.866025) (0,0) (0,0)]
[ 243, 19 ]
60
[(0,0) (1,0) (0,0) (0,0) (1,0) (0,0) (0,0) (-0.5,0.866025) (0,0) (0,0) (0,0) (1,0) (0,0) (0,0) (-0.5,-0.866025) (0,0) (0,0) (-0.5,-0.866025) (1,0) (0,0) (0,0) (-0.5,0.866025) (0,0) (0,0) (1,0) (0,0) (0,0)]
[ 243, 19 ]
61
[(0,0) (1,0) (0,0) (0,0) (-0.5,0.866025) (0,0) (0,0) (1,0) (0,0) (0,0) (0,0) (1,0) (0,0) (0,0) (1,0) (0,0) (0,0) (-0.5,0.866025) (1,0) (0,0) (0,0) (-0.5,-0.866025) (0,0) (0,0) (-0.5,-0.866025) (0,0) (0,0)]
[ 243, 19 ]
62
[(0,0) (0,0) (1,0) (0,0) (0,0) (0.766044,0.642787) (0,0) (0,0) (0.766044,-0.642787) (0.999999,0) (0,0) (0,0) (-0.939692,0.34202) (0,0) (0,0) (-0.939692,-0.34202) (0,0) (0,0) (0,0) (0.999999,0) (0,0) (0,0) (0.173648,-0.984807) (0,0) (0,0) (0.173648,0.984807) (0,0)]
[ 243, 19 ]
63
[(0,0) (0,0) (1,0) (0,0) (0,0) (-0.939692,0.34202) (0,0) (0,0) (-0.939692,-0.34202) (0.999999,0) (0,0) (0,0) (0.173648,-0.984807) (0,0) (0,0) (0.173648,0.984807) (0,0) (0,0) (0,0) (0.999999,0) (0,0) (0,0) (0.766044,0.642787) (0,0) (0,0) (0.766044,-0.642787) (0,0)]
[ 243, 19 ]
64
[(0,0) (0,0) (1,0) (0,0) (0,0) (0.173648,-0.984808) (0,0) (0,0) (0.173648,0.984808) (1,0) (0,0) (0,0) (0.766044,0.642788) (0,0) (0,0) (0.766045,-0.642788) (0,0) (0,0) (0,0) (1,0) (0,0) (0,0) (-0.939693,0.34202) (0,0) (0,0) (-0.939692,-0.34202) (0,0)]
[ 243, 19 ]
65
[(0,0) (1,0) (0,0) (0,0) (0.173648,-0.984808) (0,0) (0,0) (0.766044,-0.642788) (0,0) (0,0) (0,0) (1,0) (0,0) (0,0) (-0.939693,0.34202) (0,0) (0,0) (0.173648,0.984807) (1,0) (0,0) (0,0) (0.766044,0.642787) (0,0) (0,0) (-0.939692,-0.34202) (0,0) (0,0)]
[ 243, 19 ]
66
[(0,0) (1,0) (0,0) (0,0) (0.766044,0.642788) (0,0) (0,0) (-0.939692,-0.34202) (0,0) (0,0) (0,0) (1,0) (0,0) (0,0) (0.173648,-0.984808) (0,0) (0,0) (0.766045,-0.642788) (1,0) (0,0) (0,0) (-0.939692,0.34202) (0,0) (0,0) (0.173648,0.984808) (0,0) (0,0)]
[ 243, 19 ]
67
[(0,0) (1,0) (0,0) (0,0) (-0.939692,0.34202) (0,0) (0,0) (0.173648,0.984807) (0,0) (0,0) (0,0) (1,0) (0,0) (0,0) (0.766044,0.642787) (0,0) (0,0) (-0.939692,-0.34202) (1,0) (0,0) (0,0) (0.173648,-0.984807) (0,0) (0,0) (0.766044,-0.642787) (0,0) (0,0)]
[ 243, 19 ]
68
[(0,0) (0,0) (1,0) (0,0) (0,0) (0.173648,0.984808) (0,0) (0,0) (0.766044,0.642787) (0.999999,0) (0,0) (0,0) (-0.939692,-0.34202) (0,0) (0,0) (0.173648,-0.984808) (0,0) (0,0) (0,0) (1,0) (0,0) (0,0) (0.766044,-0.642787) (0,0) (0,0) (-0.939692,0.34202) (0,0)]
[ 243, 19 ]
69
[(0,0) (0,0) (1,0) (0,0) (0,0) (-0.939692,-0.34202) (0,0) (0,0) (0.173648,-0.984808) (1,0) (0,0) (0,0) (0.766044,-0.642788) (0,0) (0,0) (-0.939692,0.34202) (0,0) (0,0) (0,0) (1,0) (0,0) (0,0) (0.173648,0.984808) (0,0) (0,0) (0.766044,0.642788) (0,0)]
[ 243, 19 ]
70
[(0,0) (0,0) (1,0) (0,0) (0,0) (0.766044,-0.642788) (0,0) (0,0) (-0.939693,0.34202) (1,0) (0,0) (0,0) (0.173648,0.984808) (0,0) (0,0) (0.766044,0.642788) (0,0) (0,0) (0,0) (1,0) (0,0) (0,0) (-0.939693,-0.34202) (0,0) (0,0) (0.173648,-0.984808) (0,0)]
[ 243, 19 ]
71
[(0,0) (1,0) (0,0) (0,0) (0.766045,-0.642788) (0,0) (0,0) (0.766045,0.642788) (0,0) (0,0) (0,0) (1,0) (0,0) (0,0) (-0.939693,-0.34202) (0,0) (0,0) (-0.939693,0.34202) (1,0) (0,0) (0,0) (0.173648,0.984808) (0,0) (0,0) (0.173648,-0.984808) (0,0) (0,0)]
[ 243, 19 ]
72
[(0,0) (1,0) (0,0) (0,0) (0.173648,0.984808) (0,0) (0,0) (0.173648,-0.984807) (0,0) (0,0) (0,0) (1,0) (0,0) (0,0) (0.766044,-0.642788) (0,0) (0,0) (0.766044,0.642788) (1,0) (0,0) (0,0) (-0.939692,-0.34202) (0,0) (0,0) (-0.939692,0.34202) (0,0) (0,0)]
[ 243, 19 ]
73
[(0,0) (1,0) (0,0) (0,0) (-0.939693,-0.34202) (0,0) (0,0) (-0.939692,0.34202) (0,0) (0,0) (0,0) (1,0) (0,0) (0,0) (0.173648,0.984808) (0,0) (0,0) (0.173648,-0.984808) (1,0) (0,0) (0,0) (0.766044,-0.642788) (0,0) (0,0) (0.766044,0.642787) (0,0) (0,0)]
[ 243, 19 ]
74
[(0,0) (0,0) (0,0) (1,0) (0.766044,-0.642788) (0.766045,0.642788) (0,0) (0,0) (0,0) (0,0) (0,0) (0,0) (0,0) (0,0) (0,0) (1,0) (-0.939693,-0.34202) (-0.939693,0.34202) (1,0) (0.173648,0.984808) (0.173648,-0.984808) (0,0) (0,0) (0,0) (0,0) (0,0) (0,0)]
[ 243, 19 ]
75
[(0,0) (0,0) (0,0) (0,0) (0,0) (0,0) (1,0) (0.173648,0.984808) (0.766044,0.642788) (1,0) (-0.939693,-0.34202) (0.173648,-0.984808) (0,0) (0,0) (0,0) (0,0) (0,0) (0,0) (0,0) (0,0) (0,0) (1,0) (0.766044,-0.642787) (-0.939693,0.34202) (0,0) (0,0) (0,0)]
[ 243, 19 ]
76
[(0,0) (0,0) (0,0) (1,0) (-0.939693,-0.34202) (-0.939693,0.34202) (0,0) (0,0) (0,0) (0,0) (0,0) (0,0) (0,0) (0,0) (0,0) (1,0) (0.173648,0.984808) (0.173648,-0.984808) (1,0) (0.766045,-0.642788) (0.766045,0.642788) (0,0) (0,0) (0,0) (0,0) (0,0) (0,0)]
[ 243, 19 ]
77
[(0,0) (0,0) (0,0) (0,0) (0,0) (0,0) (1,0) (0.766044,-0.642787) (-0.939693,0.34202) (1,0) (0.173648,0.984808) (0.766044,0.642787) (0,0) (0,0) (0,0) (0,0) (0,0) (0,0) (0,0) (0,0) (0,0) (0.999999,0) (-0.939693,-0.34202) (0.173648,-0.984808) (0,0) (0,0) (0,0)]
[ 243, 19 ]
78
[(0,0) (0,0) (0,0) (1,0) (0.173648,0.984808) (0.173648,-0.984807) (0,0) (0,0) (0,0) (0,0) (0,0) (0,0) (0,0) (0,0) (0,0) (1,0) (0.766045,-0.642787) (0.766045,0.642788) (1,0) (-0.939692,-0.34202) (-0.939693,0.34202) (0,0) (0,0) (0,0) (0,0) (0,0) (0,0)]
[ 243, 19 ]
79
[(0,0) (0,0) (0,0) (0,0) (0,0) (0,0) (1,0) (-0.939693,-0.34202) (0.173648,-0.984808) (1,0) (0.766045,-0.642788) (-0.939693,0.34202) (0,0) (0,0) (0,0) (0,0) (0,0) (0,0) (0,0) (0,0) (0,0) (1,0) (0.173648,0.984808) (0.766044,0.642788) (0,0) (0,0) (0,0)]
[ 243, 19 ]
80
[(0,0) (0,0) (0,0) (1,0) (0.173648,-0.984808) (0.766045,-0.642788) (0,0) (0,0) (0,0) (0,0) (0,0) (0,0) (0,0) (0,0) (0,0) (1,0) (-0.939693,0.34202) (0.173648,0.984808) (1,0) (0.766044,0.642787) (-0.939693,-0.34202) (0,0) (0,0) (0,0) (0,0) (0,0) (0,0)]
[ 243, 19 ]
81
[(0,0) (0,0) (0,0) (0,0) (0,0) (0,0) (1,0) (0.766044,0.642788) (0.766045,-0.642788) (1,0) (-0.939692,0.34202) (-0.939692,-0.34202) (0,0) (0,0) (0,0) (0,0) (0,0) (0,0) (0,0) (0,0) (0,0) (1,0) (0.173648,-0.984808) (0.173648,0.984808) (0,0) (0,0) (0,0)]
[ 243, 19 ]
82
[(0,0) (0,0) (0,0) (1,0) (-0.939693,0.34202) (0.173648,0.984808) (0,0) (0,0) (0,0) (0,0) (0,0) (0,0) (0,0) (0,0) (0,0) (1,0) (0.766045,0.642788) (-0.939693,-0.34202) (1,0) (0.173648,-0.984808) (0.766044,-0.642788) (0,0) (0,0) (0,0) (0,0) (0,0) (0,0)]
[ 243, 19 ]
83
[(0,0) (0,0) (0,0) (0,0) (0,0) (0,0) (1,0) (0.173648,-0.984808) (0.173648,0.984807) (1,0) (0.766045,0.642787) (0.766045,-0.642788) (0,0) (0,0) (0,0) (0,0) (0,0) (0,0) (0,0) (0,0) (0,0) (1,0) (-0.939692,0.34202) (-0.939693,-0.34202) (0,0) (0,0) (0,0)]
[ 243, 19 ]
84
[(0,0) (0,0) (0,0) (1,0) (0.766044,0.642787) (-0.939693,-0.34202) (0,0) (0,0) (0,0) (0,0) (0,0) (0,0) (0,0) (0,0) (0,0) (1,0) (0.173648,-0.984808) (0.766044,-0.642787) (0.999999,0) (-0.939693,0.34202) (0.173648,0.984808) (0,0) (0,0) (0,0) (0,0) (0,0) (0,0)]
[ 243, 19 ]
85
[(0,0) (0,0) (0,0) (0,0) (0,0) (0,0) (1,0) (-0.939693,0.34202) (-0.939693,-0.34202) (1,0) (0.173648,-0.984808) (0.173648,0.984808) (0,0) (0,0) (0,0) (0,0) (0,0) (0,0) (0,0) (0,0) (0,0) (1,0) (0.766045,0.642788) (0.766045,-0.642788) (0,0) (0,0) (0,0)]
[ 243, 19 ]
86
[(0,0) (0,0) (0,0) (1,0) (-0.5,-0.866025) (-0.5,-0.866025) (0,0) (0,0) (0,0) (0,0) (0,0) (0,0) (0,0) (0,0) (0,0) (1,0) (-0.5,0.866026) (1,0) (1,0) (1,0) (-0.5,0.866026) (0,0) (0,0) (0,0) (0,0) (0,0) (0,0)]
[ 243, 19 ]
87
[(0,0) (0,0) (0,0) (0,0) (0,0) (0,0) (1,0) (1,0) (-0.5,-0.866025) (1,0) (-0.5,0.866026) (-0.5,0.866025) (0,0) (0,0) (0,0) (0,0) (0,0) (0,0) (0,0) (0,0) (0,0) (1,0) (-0.5,-0.866025) (1,0) (0,0) (0,0) (0,0)]
[ 243, 19 ]
88
[(0,0) (0,0) (0,0) (1,0) (-0.5,0.866025) (1,0) (0,0) (0,0) (0,0) (0,0) (0,0) (0,0) (0,0) (0,0) (0,0) (1,0) (1,0) (-0.5,0.866025) (1,0) (-0.5,-0.866025) (-0.5,-0.866026) (0,0) (0,0) (0,0) (0,0) (0,0) (0,0)]
[ 243, 19 ]
89
[(0,0) (0,0) (0,0) (0,0) (0,0) (0,0) (1,0) (-0.5,-0.866025) (1,0) (1,0) (1,0) (-0.5,-0.866025) (0,0) (0,0) (0,0) (0,0) (0,0) (0,0) (0,0) (0,0) (0,0) (1,0) (-0.5,0.866025) (-0.5,0.866026) (0,0) (0,0) (0,0)]
[ 243, 19 ]
90
[(0,0) (0,0) (0,0) (1,0) (1,0) (-0.5,0.866026) (0,0) (0,0) (0,0) (0,0) (0,0) (0,0) (0,0) (0,0) (0,0) (1,0) (-0.5,-0.866026) (-0.5,-0.866026) (1,0) (-0.5,0.866026) (1,0) (0,0) (0,0) (0,0) (0,0) (0,0) (0,0)]
[ 243, 19 ]
91
[(0,0) (0,0) (0,0) (0,0) (0,0) (0,0) (1,0) (-0.5,0.866025) (-0.5,0.866025) (1,0) (-0.5,-0.866026) (1,0) (0,0) (0,0) (0,0) (0,0) (0,0) (0,0) (0,0) (0,0) (0,0) (1,0) (1,0) (-0.5,-0.866026) (0,0) (0,0) (0,0)]
[ 243, 19 ]
92
[(0,0) (1,0) (0,0) (0,0) (-0.5,0.866025) (0,0) (0,0) (-0.5,0.866025) (0,0) (0,0) (0,0) (1,0) (0,0) (0,0) (-0.5,-0.866025) (0,0) (0,0) (1,0) (1,0) (0,0) (0,0) (1,0) (0,0) (0,0) (-0.5,-0.866025) (0,0) (0,0)]
[ 243, 19 ]
93
[(0,0) (1,0) (0,0) (0,0) (-0.5,-0.866025) (0,0) (0,0) (1,0) (0,0) (0,0) (0,0) (1,0) (0,0) (0,0) (1,0) (0,0) (0,0) (-0.5,-0.866025) (1,0) (0,0) (0,0) (-0.5,0.866025) (0,0) (0,0) (-0.5,0.866025) (0,0) (0,0)]
[ 243, 19 ]
94
[(0,0) (1,0) (0,0) (0,0) (1,0) (0,0) (0,0) (-0.5,-0.866025) (0,0) (0,0) (0,0) (1,0) (0,0) (0,0) (-0.5,0.866025) (0,0) (0,0) (-0.5,0.866025) (1,0) (0,0) (0,0) (-0.5,-0.866025) (0,0) (0,0) (1,0) (0,0) (0,0)]
[ 243, 19 ]
95
[(0,0) (0,0) (1,0) (0,0) (0,0) (1,0) (0,0) (0,0) (-0.5,0.866025) (1,0) (0,0) (0,0) (-0.5,-0.866025) (0,0) (0,0) (-0.5,-0.866025) (0,0) (0,0) (0,0) (1,0) (0,0) (0,0) (-0.5,0.866025) (0,0) (0,0) (1,0) (0,0)]
[ 243, 19 ]
96
[(0,0) (0,0) (1,0) (0,0) (0,0) (-0.5,0.866025) (0,0) (0,0) (1,0) (1,0) (0,0) (0,0) (1,0) (0,0) (0,0) (-0.5,0.866025) (0,0) (0,0) (0,0) (1,0) (0,0) (0,0) (-0.5,-0.866026) (0,0) (0,0) (-0.5,-0.866026) (0,0)]
[ 243, 19 ]
97
[(0,0) (0,0) (1,0) (0,0) (0,0) (-0.5,-0.866025) (0,0) (0,0) (-0.5,-0.866026) (1,0) (0,0) (0,0) (-0.5,0.866025) (0,0) (0,0) (1,0) (0,0) (0,0) (0,0) (1,0) (0,0) (0,0) (1,0) (0,0) (0,0) (-0.5,0.866026) (0,0)]
[ 243, 19 ]
98
[(0,0) (1,0) (0,0) (0,0) (-0.939693,0.34202) (0,0) (0,0) (-0.939692,-0.34202) (0,0) (0,0) (0,0) (1,0) (0,0) (0,0) (0.173648,-0.984808) (0,0) (0,0) (0.173648,0.984808) (1,0) (0,0) (0,0) (0.766044,0.642788) (0,0) (0,0) (0.766044,-0.642787) (0,0) (0,0)]
[ 243, 19 ]
99
[(0,0) (1,0) (0,0) (0,0) (0.173648,-0.984808) (0,0) (0,0) (0.173648,0.984807) (0,0) (0,0) (0,0) (1,0) (0,0) (0,0) (0.766044,0.642788) (0,0) (0,0) (0.766044,-0.642788) (1,0) (0,0) (0,0) (-0.939692,0.34202) (0,0) (0,0) (-0.939692,-0.34202) (0,0) (0,0)]
[ 243, 19 ]
100
[(0,0) (1,0) (0,0) (0,0) (0.766045,0.642788) (0,0) (0,0) (0.766045,-0.642788) (0,0) (0,0) (0,0) (1,0) (0,0) (0,0) (-0.939693,0.34202) (0,0) (0,0) (-0.939693,-0.34202) (1,0) (0,0) (0,0) (0.173648,-0.984808) (0,0) (0,0) (0.173648,0.984808) (0,0) (0,0)]
[ 243, 19 ]
101
[(0,0) (0,0) (1,0) (0,0) (0,0) (0.766044,0.642788) (0,0) (0,0) (-0.939693,-0.34202) (1,0) (0,0) (0,0) (0.173648,-0.984808) (0,0) (0,0) (0.766044,-0.642788) (0,0) (0,0) (0,0) (1,0) (0,0) (0,0) (-0.939693,0.34202) (0,0) (0,0) (0.173648,0.984808) (0,0)]
[ 243, 19 ]
102
[(0,0) (0,0) (1,0) (0,0) (0,0) (-0.939692,0.34202) (0,0) (0,0) (0.173648,0.984808) (1,0) (0,0) (0,0) (0.766044,0.642788) (0,0) (0,0) (-0.939692,-0.34202) (0,0) (0,0) (0,0) (1,0) (0,0) (0,0) (0.173648,-0.984808) (0,0) (0,0) (0.766044,-0.642788) (0,0)]
[ 243, 19 ]
103
[(0,0) (0,0) (1,0) (0,0) (0,0) (0.173648,-0.984808) (0,0) (0,0) (0.766044,-0.642787) (0.999999,0) (0,0) (0,0) (-0.939692,0.34202) (0,0) (0,0) (0.173648,0.984808) (0,0) (0,0) (0,0) (1,0) (0,0) (0,0) (0.766044,0.642787) (0,0) (0,0) (-0.939692,-0.34202) (0,0)]
[ 243, 19 ]
104
[(0,0) (1,0) (0,0) (0,0) (-0.939692,-0.34202) (0,0) (0,0) (0.173648,-0.984807) (0,0) (0,0) (0,0) (1,0) (0,0) (0,0) (0.766044,-0.642787) (0,0) (0,0) (-0.939692,0.34202) (1,0) (0,0) (0,0) (0.173648,0.984807) (0,0) (0,0) (0.766044,0.642787) (0,0) (0,0)]
[ 243, 19 ]
105
[(0,0) (1,0) (0,0) (0,0) (0.766044,-0.642788) (0,0) (0,0) (-0.939692,0.34202) (0,0) (0,0) (0,0) (1,0) (0,0) (0,0) (0.173648,0.984808) (0,0) (0,0) (0.766045,0.642788) (1,0) (0,0) (0,0) (-0.939692,-0.34202) (0,0) (0,0) (0.173648,-0.984808) (0,0) (0,0)]
[ 243, 19 ]
106
[(0,0) (1,0) (0,0) (0,0) (0.173648,0.984808) (0,0) (0,0) (0.766044,0.642788) (0,0) (0,0) (0,0) (1,0) (0,0) (0,0) (-0.939693,-0.34202) (0,0) (0,0) (0.173648,-0.984807) (1,0) (0,0) (0,0) (0.766044,-0.642787) (0,0) (0,0) (-0.939692,0.34202) (0,0) (0,0)]
[ 243, 19 ]
107
[(0,0) (0,0) (1,0) (0,0) (0,0) (0.173648,0.984808) (0,0) (0,0) (0.173648,-0.984808) (1,0) (0,0) (0,0) (0.766044,-0.642788) (0,0) (0,0) (0.766045,0.642788) (0,0) (0,0) (0,0) (1,0) (0,0) (0,0) (-0.939693,-0.34202) (0,0) (0,0) (-0.939692,0.34202) (0,0)]
[ 243, 19 ]
108
[(0,0) (0,0) (1,0) (0,0) (0,0) (-0.939692,-0.34202) (0,0) (0,0) (-0.939692,0.34202) (0.999999,0) (0,0) (0,0) (0.173648,0.984807) (0,0) (0,0) (0.173648,-0.984807) (0,0) (0,0) (0,0) (0.999999,0) (0,0) (0,0) (0.766044,-0.642787) (0,0) (0,0) (0.766044,0.642787) (0,0)]
[ 243, 19 ]
109
[(0,0) (0,0) (1,0) (0,0) (0,0) (0.766044,-0.642787) (0,0) (0,0) (0.766044,0.642787) (0.999999,0) (0,0) (0,0) (-0.939692,-0.34202) (0,0) (0,0) (-0.939692,0.34202) (0,0) (0,0) (0,0) (0.999999,0) (0,0) (0,0) (0.173648,0.984807) (0,0) (0,0) (0.173648,-0.984807) (0,0)]
[ 243, 19 ]
110
[(0,0) (0,0) (0,0) (0,0) (0,0) (0,0) (1,0) (0.173648,0.984808) (0.173648,-0.984807) (1,0) (0.766045,-0.642787) (0.766045,0.642788) (0,0) (0,0) (0,0) (0,0) (0,0) (0,0) (0,0) (0,0) (0,0) (1,0) (-0.939692,-0.34202) (-0.939693,0.34202) (0,0) (0,0) (0,0)]
[ 243, 19 ]
111
[(0,0) (0,0) (0,0) (1,0) (-0.939693,-0.34202) (0.173648,-0.984808) (0,0) (0,0) (0,0) (0,0) (0,0) (0,0) (0,0) (0,0) (0,0) (1,0) (0.766045,-0.642788) (-0.939693,0.34202) (1,0) (0.173648,0.984808) (0.766044,0.642788) (0,0) (0,0) (0,0) (0,0) (0,0) (0,0)]
[ 243, 19 ]
112
[(0,0) (0,0) (0,0) (0,0) (0,0) (0,0) (1,0) (0.766044,-0.642788) (0.766045,0.642788) (1,0) (-0.939692,-0.34202) (-0.939692,0.34202) (0,0) (0,0) (0,0) (0,0) (0,0) (0,0) (0,0) (0,0) (0,0) (1,0) (0.173648,0.984808) (0.173648,-0.984808) (0,0) (0,0) (0,0)]
[ 243, 19 ]
113
[(0,0) (0,0) (0,0) (1,0) (0.173648,0.984808) (0.766045,0.642788) (0,0) (0,0) (0,0) (0,0) (0,0) (0,0) (0,0) (0,0) (0,0) (1,0) (-0.939693,-0.34202) (0.173648,-0.984808) (1,0) (0.766044,-0.642787) (-0.939693,0.34202) (0,0) (0,0) (0,0) (0,0) (0,0) (0,0)]
[ 243, 19 ]
114
[(0,0) (0,0) (0,0) (0,0) (0,0) (0,0) (1,0) (-0.939693,-0.34202) (-0.939693,0.34202) (1,0) (0.173648,0.984808) (0.173648,-0.984808) (0,0) (0,0) (0,0) (0,0) (0,0) (0,0) (0,0) (0,0) (0,0) (1,0) (0.766045,-0.642788) (0.766045,0.642788) (0,0) (0,0) (0,0)]
[ 243, 19 ]
115
[(0,0) (0,0) (0,0) (1,0) (0.766044,-0.642787) (-0.939693,0.34202) (0,0) (0,0) (0,0) (0,0) (0,0) (0,0) (0,0) (0,0) (0,0) (1,0) (0.173648,0.984808) (0.766044,0.642787) (0.999999,0) (-0.939693,-0.34202) (0.173648,-0.984808) (0,0) (0,0) (0,0) (0,0) (0,0) (0,0)]
[ 243, 19 ]
116
[(0,0) (0,0) (0,0) (0,0) (0,0) (0,0) (1,0) (0.766044,0.642787) (-0.939693,-0.34202) (1,0) (0.173648,-0.984808) (0.766044,-0.642787) (0,0) (0,0) (0,0) (0,0) (0,0) (0,0) (0,0) (0,0) (0,0) (0.999999,0) (-0.939693,0.34202) (0.173648,0.984808) (0,0) (0,0) (0,0)]
[ 243, 19 ]
117
[(0,0) (0,0) (0,0) (1,0) (-0.939693,0.34202) (-0.939693,-0.34202) (0,0) (0,0) (0,0) (0,0) (0,0) (0,0) (0,0) (0,0) (0,0) (1,0) (0.173648,-0.984808) (0.173648,0.984808) (1,0) (0.766045,0.642788) (0.766045,-0.642788) (0,0) (0,0) (0,0) (0,0) (0,0) (0,0)]
[ 243, 19 ]
118
[(0,0) (0,0) (0,0) (0,0) (0,0) (0,0) (1,0) (0.173648,-0.984808) (0.766044,-0.642788) (1,0) (-0.939693,0.34202) (0.173648,0.984808) (0,0) (0,0) (0,0) (0,0) (0,0) (0,0) (0,0) (0,0) (0,0) (1,0) (0.766044,0.642787) (-0.939693,-0.34202) (0,0) (0,0) (0,0)]
[ 243, 19 ]
119
[(0,0) (0,0) (0,0) (1,0) (0.766044,0.642788) (0.766045,-0.642788) (0,0) (0,0) (0,0) (0,0) (0,0) (0,0) (0,0) (0,0) (0,0) (1,0) (-0.939693,0.34202) (-0.939693,-0.34202) (1,0) (0.173648,-0.984808) (0.173648,0.984808) (0,0) (0,0) (0,0) (0,0) (0,0) (0,0)]
[ 243, 19 ]
120
[(0,0) (0,0) (0,0) (0,0) (0,0) (0,0) (1,0) (-0.939693,0.34202) (0.173648,0.984808) (1,0) (0.766045,0.642788) (-0.939693,-0.34202) (0,0) (0,0) (0,0) (0,0) (0,0) (0,0) (0,0) (0,0) (0,0) (1,0) (0.173648,-0.984808) (0.766044,-0.642788) (0,0) (0,0) (0,0)]
[ 243, 19 ]
121
[(0,0) (0,0) (0,0) (1,0) (0.173648,-0.984808) (0.173648,0.984807) (0,0) (0,0) (0,0) (0,0) (0,0) (0,0) (0,0) (0,0) (0,0) (1,0) (0.766045,0.642787) (0.766045,-0.642788) (1,0) (-0.939692,0.34202) (-0.939693,-0.34202) (0,0) (0,0) (0,0) (0,0) (0,0) (0,0)]
[ 243, 19 ]
122
[(0,0) (0,0) (0,0) (0,0) (0,0) (0,0) (1,0) (1,0) (-0.5,0.866025) (1,0) (-0.5,-0.866026) (-0.5,-0.866025) (0,0) (0,0) (0,0) (0,0) (0,0) (0,0) (0,0) (0,0) (0,0) (1,0) (-0.5,0.866025) (1,0) (0,0) (0,0) (0,0)]
[ 243, 19 ]
123
[(0,0) (0,0) (0,0) (1,0) (-0.5,0.866025) (-0.5,0.866025) (0,0) (0,0) (0,0) (0,0) (0,0) (0,0) (0,0) (0,0) (0,0) (1,0) (-0.5,-0.866026) (1,0) (1,0) (1,0) (-0.5,-0.866026) (0,0) (0,0) (0,0) (0,0) (0,0) (0,0)]
[ 243, 19 ]
124
[(0,0) (0,0) (0,0) (0,0) (0,0) (0,0) (1,0) (-0.5,-0.866025) (-0.5,-0.866025) (1,0) (-0.5,0.866026) (1,0) (0,0) (0,0) (0,0) (0,0) (0,0) (0,0) (0,0) (0,0) (0,0) (1,0) (1,0) (-0.5,0.866026) (0,0) (0,0) (0,0)]
[ 243, 19 ]
125
[(0,0) (0,0) (0,0) (1,0) (1,0) (-0.5,-0.866026) (0,0) (0,0) (0,0) (0,0) (0,0) (0,0) (0,0) (0,0) (0,0) (1,0) (-0.5,0.866026) (-0.5,0.866026) (1,0) (-0.5,-0.866026) (1,0) (0,0) (0,0) (0,0) (0,0) (0,0) (0,0)]
[ 243, 19 ]
126
[(0,0) (0,0) (0,0) (0,0) (0,0) (0,0) (1,0) (-0.5,0.866025) (1,0) (1,0) (1,0) (-0.5,0.866025) (0,0) (0,0) (0,0) (0,0) (0,0) (0,0) (0,0) (0,0) (0,0) (1,0) (-0.5,-0.866025) (-0.5,-0.866026) (0,0) (0,0) (0,0)]
[ 243, 19 ]
127
[(0,0) (0,0) (0,0) (1,0) (-0.5,-0.866025) (1,0) (0,0) (0,0) (0,0) (0,0) (0,0) (0,0) (0,0) (0,0) (0,0) (1,0) (1,0) (-0.5,-0.866025) (1,0) (-0.5,0.866025) (-0.5,0.866026) (0,0) (0,0) (0,0) (0,0) (0,0) (0,0)]
[ 243, 19 ]
