1
[(0,0) (0,0) (0,0) (0,0) (0,0) (0,0) (0,0) (1,0) (0,0) (0,0) (0,0) (1,0) (0,0) (0,0) (0,0) (0,0) (0,0) (0,0) (0,0) (0,0) (0,0) (1,0) (0,0) (0,0) (0,0) (0,0) (0,0)]
[ 12, 3 ][ 21, 1 ][ 24, 3 ][ 24, 13 ][ 27, 3 ][ 36, 3 ][ 36, 11 ][ 39, 1 ][ 42, 2 ][ 48, 3 ][ 48, 31 ][ 48, 32 ][ 48, 33 ][ 48, 49 ][ 48, 50 ][ 54, 10 ][ 57, 1 ][ 60, 9 ][ 63, 1 ][ 63, 3 ][ 72, 3 ][ 72, 16 ][ 72, 25 ][ 72, 44 ][ 72, 47 ][ 75, 2 ][ 78, 2 ][ 81, 3 ][ 81, 7 ][ 81, 8 ][ 81, 9 ][ 81, 10 ][ 81, 12 ][ 81, 14 ][ 84, 2 ][ 84, 9 ][ 84, 10 ][ 84, 11 ][ 93, 1 ][ 96, 3 ][ 96, 68 ][ 96, 69 ][ 96, 70 ][ 96, 71 ][ 96, 72 ][ 96, 73 ][ 96, 74 ][ 96, 196 ][ 96, 197 ][ 96, 198 ][ 96, 199 ][ 96, 200 ][ 96, 201 ][ 96, 202 ][ 96, 203 ][ 96, 204 ][ 96, 228 ][ 96, 229 ]
2
[(0,0) (0,0) (0,0) (0,0) (0,0) (1,0) (0,0) (0,0) (0,0) (0,0) (0,0) (0,0) (0,0) (0,0) (0,0) (1,0) (0,0) (0,0) (0,0) (1,0) (0,0) (0,0) (0,0) (0,0) (0,0) (0,0) (0,0)]
[ 12, 3 ][ 21, 1 ][ 24, 3 ][ 24, 13 ][ 27, 3 ][ 36, 3 ][ 36, 11 ][ 39, 1 ][ 42, 2 ][ 48, 3 ][ 48, 31 ][ 48, 32 ][ 48, 33 ][ 48, 49 ][ 48, 50 ][ 54, 10 ][ 57, 1 ][ 60, 9 ][ 63, 1 ][ 63, 3 ][ 72, 3 ][ 72, 16 ][ 72, 25 ][ 72, 44 ][ 72, 47 ][ 75, 2 ][ 78, 2 ][ 81, 3 ][ 81, 7 ][ 81, 8 ][ 81, 9 ][ 81, 10 ][ 81, 12 ][ 81, 14 ][ 84, 2 ][ 84, 9 ][ 84, 10 ][ 84, 11 ][ 93, 1 ][ 96, 3 ][ 96, 68 ][ 96, 69 ][ 96, 70 ][ 96, 71 ][ 96, 72 ][ 96, 73 ][ 96, 74 ][ 96, 196 ][ 96, 197 ][ 96, 198 ][ 96, 199 ][ 96, 200 ][ 96, 201 ][ 96, 202 ][ 96, 203 ][ 96, 204 ][ 96, 228 ][ 96, 229 ]
3
[(0,0) (0,0) (1,0) (0,0) (0,0) (0,0) (0,0) (0,0) (0,0) (0,0) (0,0) (0,0) (1,0) (0,0) (0,0) (0,0) (0,0) (0,0) (0,0) (0,0) (0,0) (0,0) (0,0) (0,0) (0,0) (1,0) (0,0)]
[ 21, 1 ][ 39, 1 ][ 42, 2 ][ 48, 3 ][ 48, 50 ][ 57, 1 ][ 63, 1 ][ 63, 3 ][ 75, 2 ][ 78, 2 ][ 81, 7 ][ 81, 8 ][ 81, 9 ][ 84, 2 ][ 84, 9 ][ 84, 11 ][ 93, 1 ][ 96, 3 ][ 96, 68 ][ 96, 203 ][ 96, 204 ][ 96, 229 ]
4
[(0,0) (0,0) (0,0) (1,0) (0,0) (0,0) (0,0) (0,0) (0,0) (0,0) (0,0) (0,0) (0,0) (0,0) (0,0) (0,0) (1,0) (0,0) (0,0) (0,0) (1,0) (0,0) (0,0) (0,0) (0,0) (0,0) (0,0)]
[ 21, 1 ][ 39, 1 ][ 42, 2 ][ 48, 3 ][ 48, 50 ][ 57, 1 ][ 63, 1 ][ 63, 3 ][ 75, 2 ][ 78, 2 ][ 81, 4 ][ 81, 7 ][ 81, 8 ][ 81, 9 ][ 84, 2 ][ 84, 9 ][ 84, 11 ][ 93, 1 ][ 96, 3 ][ 96, 64 ][ 96, 68 ][ 96, 203 ][ 96, 204 ][ 96, 229 ]
5
[(0,0) (0,0) (0,0) (0,0) (0,0) (0,0) (0,0) (0,0) (1,0) (1,0) (0,0) (0,0) (0,0) (0,0) (0,0) (0,0) (0,0) (0,0) (0,0) (0,0) (0,0) (0,0) (1,0) (0,0) (0,0) (0,0) (0,0)]
[ 21, 1 ][ 39, 1 ][ 42, 2 ][ 48, 3 ][ 48, 50 ][ 57, 1 ][ 63, 1 ][ 63, 3 ][ 75, 2 ][ 78, 2 ][ 81, 4 ][ 81, 7 ][ 81, 8 ][ 81, 9 ][ 84, 2 ][ 84, 9 ][ 84, 11 ][ 93, 1 ][ 96, 3 ][ 96, 64 ][ 96, 68 ][ 96, 203 ][ 96, 204 ][ 96, 229 ]
6
[(0,0) (1,0) (0,0) (0,0) (0,0) (0,0) (0,0) (0,0) (0,0) (0,0) (0,0) (0,0) (0,0) (0,0) (1,0) (0,0) (0,0) (0,0) (0,0) (0,0) (0,0) (0,0) (0,0) (0,0) (1,0) (0,0) (0,0)]
[ 21, 1 ][ 39, 1 ][ 42, 2 ][ 48, 3 ][ 48, 50 ][ 57, 1 ][ 63, 1 ][ 63, 3 ][ 75, 2 ][ 78, 2 ][ 81, 4 ][ 81, 7 ][ 81, 8 ][ 81, 9 ][ 84, 2 ][ 84, 9 ][ 84, 11 ][ 93, 1 ][ 96, 3 ][ 96, 64 ][ 96, 68 ][ 96, 203 ][ 96, 204 ][ 96, 229 ]
7
[(0,0) (0,0) (0,0) (0,0) (1,0) (0,0) (0,0) (0,0) (0,0) (0,0) (0,0) (0,0) (0,0) (0,0) (0,0) (0,0) (0,0) (1,0) (1,0) (0,0) (0,0) (0,0) (0,0) (0,0) (0,0) (0,0) (0,0)]
[ 21, 1 ][ 39, 1 ][ 42, 2 ][ 48, 3 ][ 48, 50 ][ 57, 1 ][ 63, 1 ][ 63, 3 ][ 75, 2 ][ 78, 2 ][ 81, 7 ][ 81, 8 ][ 81, 9 ][ 84, 2 ][ 84, 9 ][ 84, 11 ][ 93, 1 ][ 96, 3 ][ 96, 68 ][ 96, 203 ][ 96, 204 ][ 96, 229 ]
8
[(0,0) (0,0) (0,0) (0,0) (0,0) (0,0) (1,0) (0,0) (0,0) (0,0) (1,0) (0,0) (0,0) (0,0) (0,0) (0,0) (0,0) (0,0) (0,0) (0,0) (0,0) (0,0) (0,0) (1,0) (0,0) (0,0) (0,0)]
[ 21, 1 ][ 39, 1 ][ 42, 2 ][ 48, 3 ][ 48, 50 ][ 57, 1 ][ 63, 1 ][ 63, 3 ][ 75, 2 ][ 78, 2 ][ 81, 7 ][ 81, 8 ][ 81, 9 ][ 84, 2 ][ 84, 9 ][ 84, 11 ][ 93, 1 ][ 96, 3 ][ 96, 68 ][ 96, 203 ][ 96, 204 ][ 96, 229 ]
9
[(0,0) (0,0) (0,0) (0,0) (0,0) (1,0) (0,0) (-1,0) (0,0) (0,0) (0,0) (-1,0) (0,0) (0,0) (0,0) (1,0) (0,0) (0,0) (0,0) (1,0) (0,0) (-1,0) (0,0) (0,0) (0,0) (0,0) (0,0)]
[ 24, 12 ][ 48, 28 ][ 48, 29 ][ 48, 30 ][ 48, 48 ][ 54, 8 ][ 72, 15 ][ 72, 42 ][ 72, 43 ][ 96, 64 ][ 96, 65 ][ 96, 66 ][ 96, 67 ][ 96, 185 ][ 96, 186 ][ 96, 187 ][ 96, 188 ][ 96, 189 ][ 96, 190 ][ 96, 191 ][ 96, 192 ][ 96, 193 ][ 96, 194 ][ 96, 195 ][ 96, 226 ][ 96, 227 ]
10
[(0,0) (0,0) (0,0) (0,0) (0,0) (1,0) (0,0) (1,0) (0,0) (0,0) (0,0) (1,0) (0,0) (0,0) (0,0) (1,0) (0,0) (0,0) (0,0) (1,0) (0,0) (1,0) (0,0) (0,0) (0,0) (0,0) (0,0)]
[ 24, 12 ][ 48, 28 ][ 48, 29 ][ 48, 30 ][ 48, 48 ][ 54, 8 ][ 72, 15 ][ 72, 42 ][ 72, 43 ][ 96, 64 ][ 96, 65 ][ 96, 66 ][ 96, 67 ][ 96, 185 ][ 96, 186 ][ 96, 187 ][ 96, 188 ][ 96, 189 ][ 96, 190 ][ 96, 191 ][ 96, 192 ][ 96, 193 ][ 96, 194 ][ 96, 195 ][ 96, 226 ][ 96, 227 ]
11
[(1,0) (0,0) (0,0) (0,0) (0,0) (0,0) (0,0) (0,0) (0,0) (0,0) (0,0) (0,0) (0,0) (1,0) (0,0) (0,0) (0,0) (0,0) (0,0) (0,0) (0,0) (0,0) (0,0) (0,0) (0,0) (0,0) (1,0)]
[ 27, 3 ][ 27, 4 ][ 39, 1 ][ 48, 3 ][ 48, 50 ][ 54, 8 ][ 54, 10 ][ 54, 11 ][ 57, 1 ][ 75, 2 ][ 78, 2 ][ 81, 3 ][ 81, 6 ][ 81, 7 ][ 81, 8 ][ 81, 9 ][ 81, 10 ][ 81, 12 ][ 81, 13 ][ 81, 14 ][ 84, 11 ][ 93, 1 ][ 96, 3 ][ 96, 68 ][ 96, 203 ][ 96, 204 ][ 96, 227 ][ 96, 229 ]
12
[(0,0) (0,0) (0,0) (0,0) (0,0) (1,0) (0,0) (0,0) (0,0) (0,0) (0,0) (0,0) (0,0) (0,0) (0,0) (-0.5,-0.866025) (0,0) (0,0) (0,0) (-0.5,0.866025) (0,0) (0,0) (0,0) (0,0) (0,0) (0,0) (0,0)]
[ 27, 4 ][ 36, 3 ][ 54, 11 ][ 63, 1 ][ 72, 3 ][ 72, 16 ][ 81, 3 ][ 81, 10 ][ 81, 13 ]
13
[(0,0) (0,0) (0,0) (0,0) (0,0) (0,0) (0,0) (1,0) (0,0) (0,0) (0,0) (-0.5,-0.866025) (0,0) (0,0) (0,0) (0,0) (0,0) (0,0) (0,0) (0,0) (0,0) (-0.5,0.866025) (0,0) (0,0) (0,0) (0,0) (0,0)]
[ 27, 4 ][ 36, 3 ][ 54, 11 ][ 63, 1 ][ 72, 3 ][ 72, 16 ][ 81, 3 ][ 81, 10 ][ 81, 13 ]
14
[(0,0) (0,0) (0,0) (0,0) (0,0) (1,0) (0,0) (0,0) (0,0) (0,0) (0,0) (0,0) (0,0) (0,0) (0,0) (-0.5,0.866025) (0,0) (0,0) (0,0) (-0.5,-0.866025) (0,0) (0,0) (0,0) (0,0) (0,0) (0,0) (0,0)]
[ 27, 4 ][ 36, 3 ][ 54, 11 ][ 63, 1 ][ 72, 3 ][ 72, 16 ][ 81, 3 ][ 81, 10 ][ 81, 13 ]
15
[(0,0) (0,0) (0,0) (0,0) (0,0) (0,0) (0,0) (1,0) (0,0) (0,0) (0,0) (-0.5,0.866025) (0,0) (0,0) (0,0) (0,0) (0,0) (0,0) (0,0) (0,0) (0,0) (-0.5,-0.866025) (0,0) (0,0) (0,0) (0,0) (0,0)]
[ 27, 4 ][ 36, 3 ][ 54, 11 ][ 63, 1 ][ 72, 3 ][ 72, 16 ][ 81, 3 ][ 81, 10 ][ 81, 13 ]
16
[(0,0) (0,0) (0,0) (0,0) (0,0) (1,0) (0,0) (0,0) (0,0) (0,0) (0,0) (0,0) (0,0) (0,0) (0,0) (-0.5,0.866025) (0,0) (0,0) (0,0) (1,0) (0,0) (0,0) (0,0) (0,0) (0,0) (0,0) (0,0)]
[ 36, 3 ][ 63, 1 ][ 72, 3 ][ 72, 16 ][ 81, 3 ][ 81, 10 ]
17
[(0,0) (0,0) (0,0) (0,0) (0,0) (0,0) (0,0) (1,0) (0,0) (0,0) (0,0) (-0.5,-0.866025) (0,0) (0,0) (0,0) (0,0) (0,0) (0,0) (0,0) (0,0) (0,0) (1,0) (0,0) (0,0) (0,0) (0,0) (0,0)]
[ 36, 3 ][ 63, 1 ][ 72, 3 ][ 72, 16 ][ 81, 3 ][ 81, 10 ]
18
[(0,0) (0,0) (0,0) (0,0) (0,0) (1,0) (0,0) (0,0) (0,0) (0,0) (0,0) (0,0) (0,0) (0,0) (0,0) (-0.5,-0.866025) (0,0) (0,0) (0,0) (1,0) (0,0) (0,0) (0,0) (0,0) (0,0) (0,0) (0,0)]
[ 36, 3 ][ 63, 1 ][ 72, 3 ][ 72, 16 ][ 81, 3 ][ 81, 10 ]
19
[(0,0) (0,0) (0,0) (0,0) (0,0) (0,0) (0,0) (1,0) (0,0) (0,0) (0,0) (-0.5,0.866025) (0,0) (0,0) (0,0) (0,0) (0,0) (0,0) (0,0) (0,0) (0,0) (1,0) (0,0) (0,0) (0,0) (0,0) (0,0)]
[ 36, 3 ][ 63, 1 ][ 72, 3 ][ 72, 16 ][ 81, 3 ][ 81, 10 ]
20
[(0,0) (0,0) (0,0) (0,0) (0,0) (0,0) (0,0) (1,0) (0,0) (0,0) (0,0) (1,0) (0,0) (0,0) (0,0) (0,0) (0,0) (0,0) (0,0) (0,0) (0,0) (-0.5,0.866025) (0,0) (0,0) (0,0) (0,0) (0,0)]
[ 36, 3 ][ 63, 1 ][ 72, 3 ][ 72, 16 ][ 81, 3 ][ 81, 10 ]
21
[(0,0) (0,0) (0,0) (0,0) (0,0) (1,0) (0,0) (0,0) (0,0) (0,0) (0,0) (0,0) (0,0) (0,0) (0,0) (-0.5,0.866025) (0,0) (0,0) (0,0) (-0.5,0.866025) (0,0) (0,0) (0,0) (0,0) (0,0) (0,0) (0,0)]
[ 36, 3 ][ 63, 1 ][ 72, 3 ][ 72, 16 ][ 81, 3 ][ 81, 10 ]
22
[(0,0) (0,0) (0,0) (0,0) (0,0) (0,0) (0,0) (1,0) (0,0) (0,0) (0,0) (-0.5,0.866025) (0,0) (0,0) (0,0) (0,0) (0,0) (0,0) (0,0) (0,0) (0,0) (-0.5,0.866025) (0,0) (0,0) (0,0) (0,0) (0,0)]
[ 36, 3 ][ 63, 1 ][ 72, 3 ][ 72, 16 ][ 81, 3 ][ 81, 10 ]
23
[(0,0) (0,0) (0,0) (0,0) (0,0) (1,0) (0,0) (0,0) (0,0) (0,0) (0,0) (0,0) (0,0) (0,0) (0,0) (1,0) (0,0) (0,0) (0,0) (-0.5,0.866025) (0,0) (0,0) (0,0) (0,0) (0,0) (0,0) (0,0)]
[ 36, 3 ][ 63, 1 ][ 72, 3 ][ 72, 16 ][ 81, 3 ][ 81, 10 ]
24
[(0,0) (0,0) (0,0) (0,0) (0,0) (0,0) (0,0) (1,0) (0,0) (0,0) (0,0) (1,0) (0,0) (0,0) (0,0) (0,0) (0,0) (0,0) (0,0) (0,0) (0,0) (-0.5,-0.866025) (0,0) (0,0) (0,0) (0,0) (0,0)]
[ 36, 3 ][ 63, 1 ][ 72, 3 ][ 72, 16 ][ 81, 3 ][ 81, 10 ]
25
[(0,0) (0,0) (0,0) (0,0) (0,0) (1,0) (0,0) (0,0) (0,0) (0,0) (0,0) (0,0) (0,0) (0,0) (0,0) (-0.5,-0.866025) (0,0) (0,0) (0,0) (-0.5,-0.866025) (0,0) (0,0) (0,0) (0,0) (0,0) (0,0) (0,0)]
[ 36, 3 ][ 63, 1 ][ 72, 3 ][ 72, 16 ][ 81, 3 ][ 81, 10 ]
26
[(0,0) (0,0) (0,0) (0,0) (0,0) (0,0) (0,0) (1,0) (0,0) (0,0) (0,0) (-0.5,-0.866025) (0,0) (0,0) (0,0) (0,0) (0,0) (0,0) (0,0) (0,0) (0,0) (-0.5,-0.866025) (0,0) (0,0) (0,0) (0,0) (0,0)]
[ 36, 3 ][ 63, 1 ][ 72, 3 ][ 72, 16 ][ 81, 3 ][ 81, 10 ]
27
[(0,0) (0,0) (0,0) (0,0) (0,0) (1,0) (0,0) (0,0) (0,0) (0,0) (0,0) (0,0) (0,0) (0,0) (0,0) (1,0) (0,0) (0,0) (0,0) (-0.5,-0.866025) (0,0) (0,0) (0,0) (0,0) (0,0) (0,0) (0,0)]
[ 36, 3 ][ 63, 1 ][ 72, 3 ][ 72, 16 ][ 81, 3 ][ 81, 10 ]
28
[(0,0) (0,0) (1,0) (0,0) (0,0) (0,0) (0,0) (0,0) (0,0) (0,0) (0,0) (0,0) (-0.5,-0.866025) (0,0) (0,0) (0,0) (0,0) (0,0) (0,0) (0,0) (0,0) (0,0) (0,0) (0,0) (0,0) (-0.5,-0.866025) (0,0)]
[ 63, 1 ][ 81, 10 ]
29
[(0,0) (0,0) (0,0) (1,0) (0,0) (0,0) (0,0) (0,0) (0,0) (0,0) (0,0) (0,0) (0,0) (0,0) (0,0) (0,0) (1,0) (0,0) (0,0) (0,0) (-0.5,0.866025) (0,0) (0,0) (0,0) (0,0) (0,0) (0,0)]
[ 63, 1 ][ 81, 4 ][ 81, 10 ]
30
[(0,0) (0,0) (1,0) (0,0) (0,0) (0,0) (0,0) (0,0) (0,0) (0,0) (0,0) (0,0) (-0.5,0.866025) (0,0) (0,0) (0,0) (0,0) (0,0) (0,0) (0,0) (0,0) (0,0) (0,0) (0,0) (0,0) (-0.5,0.866025) (0,0)]
[ 63, 1 ][ 81, 10 ]
31
[(0,0) (0,0) (0,0) (1,0) (0,0) (0,0) (0,0) (0,0) (0,0) (0,0) (0,0) (0,0) (0,0) (0,0) (0,0) (0,0) (1,0) (0,0) (0,0) (0,0) (-0.5,-0.866025) (0,0) (0,0) (0,0) (0,0) (0,0) (0,0)]
[ 63, 1 ][ 81, 4 ][ 81, 10 ]
32
[(0,0) (1,0) (0,0) (0,0) (0,0) (0,0) (0,0) (0,0) (0,0) (0,0) (0,0) (0,0) (0,0) (0,0) (1,0) (0,0) (0,0) (0,0) (0,0) (0,0) (0,0) (0,0) (0,0) (0,0) (-0.5,-0.866025) (0,0) (0,0)]
[ 63, 1 ][ 81, 4 ][ 81, 10 ]
33
[(0,0) (1,0) (0,0) (0,0) (0,0) (0,0) (0,0) (0,0) (0,0) (0,0) (0,0) (0,0) (0,0) (0,0) (1,0) (0,0) (0,0) (0,0) (0,0) (0,0) (0,0) (0,0) (0,0) (0,0) (-0.5,0.866025) (0,0) (0,0)]
[ 63, 1 ][ 81, 4 ][ 81, 10 ]
34
[(0,0) (0,0) (0,0) (0,0) (0,0) (0,0) (1,0) (0,0) (0,0) (0,0) (-0.5,0.866025) (0,0) (0,0) (0,0) (0,0) (0,0) (0,0) (0,0) (0,0) (0,0) (0,0) (0,0) (0,0) (-0.5,0.866025) (0,0) (0,0) (0,0)]
[ 63, 1 ][ 81, 10 ]
35
[(0,0) (0,0) (0,0) (0,0) (0,0) (0,0) (1,0) (0,0) (0,0) (0,0) (-0.5,-0.866025) (0,0) (0,0) (0,0) (0,0) (0,0) (0,0) (0,0) (0,0) (0,0) (0,0) (0,0) (0,0) (-0.5,-0.866025) (0,0) (0,0) (0,0)]
[ 63, 1 ][ 81, 10 ]
36
[(0,0) (0,0) (0,0) (0,0) (0,0) (0,0) (0,0) (0,0) (1,0) (-0.5,-0.866025) (0,0) (0,0) (0,0) (0,0) (0,0) (0,0) (0,0) (0,0) (0,0) (0,0) (0,0) (0,0) (-0.5,-0.866025) (0,0) (0,0) (0,0) (0,0)]
[ 63, 1 ][ 81, 4 ][ 81, 10 ]
37
[(0,0) (0,0) (0,0) (0,0) (0,0) (0,0) (0,0) (0,0) (1,0) (-0.5,0.866025) (0,0) (0,0) (0,0) (0,0) (0,0) (0,0) (0,0) (0,0) (0,0) (0,0) (0,0) (0,0) (-0.5,0.866025) (0,0) (0,0) (0,0) (0,0)]
[ 63, 1 ][ 81, 4 ][ 81, 10 ]
38
[(0,0) (0,0) (0,0) (0,0) (1,0) (0,0) (0,0) (0,0) (0,0) (0,0) (0,0) (0,0) (0,0) (0,0) (0,0) (0,0) (0,0) (1,0) (-0.5,-0.866025) (0,0) (0,0) (0,0) (0,0) (0,0) (0,0) (0,0) (0,0)]
[ 63, 1 ][ 81, 10 ]
39
[(0,0) (0,0) (0,0) (0,0) (1,0) (0,0) (0,0) (0,0) (0,0) (0,0) (0,0) (0,0) (0,0) (0,0) (0,0) (0,0) (0,0) (1,0) (-0.5,0.866025) (0,0) (0,0) (0,0) (0,0) (0,0) (0,0) (0,0) (0,0)]
[ 63, 1 ][ 81, 10 ]
40
[(0,0) (0,0) (0,0) (0,0) (0,0) (1,0) (0,0) (0,0) (0,0) (0,0) (0,0) (0,0) (0,0) (0,0) (0,0) (0.173648,0.984808) (0,0) (0,0) (0,0) (0.766044,0.642788) (0,0) (0,0) (0,0) (0,0) (0,0) (0,0) (0,0)]
[ 81, 6 ]
41
[(0,0) (0,0) (0,0) (0,0) (0,0) (0,0) (0,0) (1,0) (0,0) (0,0) (0,0) (0.766044,-0.642788) (0,0) (0,0) (0,0) (0,0) (0,0) (0,0) (0,0) (0,0) (0,0) (0.766044,0.642788) (0,0) (0,0) (0,0) (0,0) (0,0)]
[ 81, 6 ]
42
[(0,0) (0,0) (0,0) (0,0) (0,0) (0,0) (0,0) (1,0) (0,0) (0,0) (0,0) (-0.939693,-0.34202) (0,0) (0,0) (0,0) (0,0) (0,0) (0,0) (0,0) (0,0) (0,0) (0.766044,0.642788) (0,0) (0,0) (0,0) (0,0) (0,0)]
[ 81, 6 ]
43
[(0,0) (0,0) (0,0) (0,0) (0,0) (1,0) (0,0) (0,0) (0,0) (0,0) (0,0) (0,0) (0,0) (0,0) (0,0) (-0.939693,-0.34202) (0,0) (0,0) (0,0) (0.766044,0.642788) (0,0) (0,0) (0,0) (0,0) (0,0) (0,0) (0,0)]
[ 81, 6 ]
44
[(0,0) (0,0) (0,0) (0,0) (0,0) (0,0) (0,0) (1,0) (0,0) (0,0) (0,0) (0.173648,0.984808) (0,0) (0,0) (0,0) (0,0) (0,0) (0,0) (0,0) (0,0) (0,0) (0.766044,0.642788) (0,0) (0,0) (0,0) (0,0) (0,0)]
[ 81, 6 ]
45
[(0,0) (0,0) (0,0) (0,0) (0,0) (1,0) (0,0) (0,0) (0,0) (0,0) (0,0) (0,0) (0,0) (0,0) (0,0) (0.766044,-0.642788) (0,0) (0,0) (0,0) (0.766044,0.642788) (0,0) (0,0) (0,0) (0,0) (0,0) (0,0) (0,0)]
[ 81, 6 ]
46
[(0,0) (0,0) (0,0) (0,0) (0,0) (0,0) (0,0) (1,0) (0,0) (0,0) (0,0) (0.766044,-0.642788) (0,0) (0,0) (0,0) (0,0) (0,0) (0,0) (0,0) (0,0) (0,0) (-0.939693,0.34202) (0,0) (0,0) (0,0) (0,0) (0,0)]
[ 81, 6 ]
47
[(0,0) (0,0) (0,0) (0,0) (0,0) (1,0) (0,0) (0,0) (0,0) (0,0) (0,0) (0,0) (0,0) (0,0) (0,0) (-0.939693,-0.34202) (0,0) (0,0) (0,0) (-0.939693,0.34202) (0,0) (0,0) (0,0) (0,0) (0,0) (0,0) (0,0)]
[ 81, 6 ]
48
[(0,0) (0,0) (0,0) (0,0) (0,0) (0,0) (0,0) (1,0) (0,0) (0,0) (0,0) (-0.939693,-0.34202) (0,0) (0,0) (0,0) (0,0) (0,0) (0,0) (0,0) (0,0) (0,0) (-0.939693,0.34202) (0,0) (0,0) (0,0) (0,0) (0,0)]
[ 81, 6 ]
49
[(0,0) (0,0) (0,0) (0,0) (0,0) (1,0) (0,0) (0,0) (0,0) (0,0) (0,0) (0,0) (0,0) (0,0) (0,0) (0.766044,-0.642788) (0,0) (0,0) (0,0) (-0.939693,0.34202) (0,0) (0,0) (0,0) (0,0) (0,0) (0,0) (0,0)]
[ 81, 6 ]
50
[(0,0) (0,0) (0,0) (0,0) (0,0) (0,0) (0,0) (1,0) (0,0) (0,0) (0,0) (0.173648,0.984808) (0,0) (0,0) (0,0) (0,0) (0,0) (0,0) (0,0) (0,0) (0,0) (-0.939693,0.34202) (0,0) (0,0) (0,0) (0,0) (0,0)]
[ 81, 6 ]
51
[(0,0) (0,0) (0,0) (0,0) (0,0) (1,0) (0,0) (0,0) (0,0) (0,0) (0,0) (0,0) (0,0) (0,0) (0,0) (0.173648,0.984808) (0,0) (0,0) (0,0) (-0.939693,0.34202) (0,0) (0,0) (0,0) (0,0) (0,0) (0,0) (0,0)]
[ 81, 6 ]
52
[(0,0) (0,0) (0,0) (0,0) (0,0) (0,0) (0,0) (1,0) (0,0) (0,0) (0,0) (0.766044,-0.642788) (0,0) (0,0) (0,0) (0,0) (0,0) (0,0) (0,0) (0,0) (0,0) (0.173648,-0.984808) (0,0) (0,0) (0,0) (0,0) (0,0)]
[ 81, 6 ]
53
[(0,0) (0,0) (0,0) (0,0) (0,0) (1,0) (0,0) (0,0) (0,0) (0,0) (0,0) (0,0) (0,0) (0,0) (0,0) (0.766044,-0.642788) (0,0) (0,0) (0,0) (0.173648,-0.984808) (0,0) (0,0) (0,0) (0,0) (0,0) (0,0) (0,0)]
[ 81, 6 ]
54
[(0,0) (0,0) (0,0) (0,0) (0,0) (1,0) (0,0) (0,0) (0,0) (0,0) (0,0) (0,0) (0,0) (0,0) (0,0) (0.173648,0.984808) (0,0) (0,0) (0,0) (0.173648,-0.984808) (0,0) (0,0) (0,0) (0,0) (0,0) (0,0) (0,0)]
[ 81, 6 ]
55
[(0,0) (0,0) (0,0) (0,0) (0,0) (0,0) (0,0) (1,0) (0,0) (0,0) (0,0) (-0.939693,-0.34202) (0,0) (0,0) (0,0) (0,0) (0,0) (0,0) (0,0) (0,0) (0,0) (0.173648,-0.984808) (0,0) (0,0) (0,0) (0,0) (0,0)]
[ 81, 6 ]
56
[(0,0) (0,0) (0,0) (0,0) (0,0) (0,0) (0,0) (1,0) (0,0) (0,0) (0,0) (0.173648,0.984808) (0,0) (0,0) (0,0) (0,0) (0,0) (0,0) (0,0) (0,0) (0,0) (0.173648,-0.984808) (0,0) (0,0) (0,0) (0,0) (0,0)]
[ 81, 6 ]
57
[(0,0) (0,0) (0,0) (0,0) (0,0) (1,0) (0,0) (0,0) (0,0) (0,0) (0,0) (0,0) (0,0) (0,0) (0,0) (-0.939693,-0.34202) (0,0) (0,0) (0,0) (0.173648,-0.984808) (0,0) (0,0) (0,0) (0,0) (0,0) (0,0) (0,0)]
[ 81, 6 ]
58
[(0,0) (0,0) (0,0) (0,0) (0,0) (0,0) (0,0) (1,0) (0,0) (0,0) (0,0) (0.173648,-0.984808) (0,0) (0,0) (0,0) (0,0) (0,0) (0,0) (0,0) (0,0) (0,0) (0.173648,0.984808) (0,0) (0,0) (0,0) (0,0) (0,0)]
[ 81, 6 ]
59
[(0,0) (0,0) (0,0) (0,0) (0,0) (1,0) (0,0) (0,0) (0,0) (0,0) (0,0) (0,0) (0,0) (0,0) (0,0) (-0.939693,0.34202) (0,0) (0,0) (0,0) (0.173648,0.984808) (0,0) (0,0) (0,0) (0,0) (0,0) (0,0) (0,0)]
[ 81, 6 ]
60
[(0,0) (0,0) (0,0) (0,0) (0,0) (1,0) (0,0) (0,0) (0,0) (0,0) (0,0) (0,0) (0,0) (0,0) (0,0) (0.173648,-0.984808) (0,0) (0,0) (0,0) (0.173648,0.984808) (0,0) (0,0) (0,0) (0,0) (0,0) (0,0) (0,0)]
[ 81, 6 ]
61
[(0,0) (0,0) (0,0) (0,0) (0,0) (0,0) (0,0) (1,0) (0,0) (0,0) (0,0) (-0.939693,0.34202) (0,0) (0,0) (0,0) (0,0) (0,0) (0,0) (0,0) (0,0) (0,0) (0.173648,0.984808) (0,0) (0,0) (0,0) (0,0) (0,0)]
[ 81, 6 ]
62
[(0,0) (0,0) (0,0) (0,0) (0,0) (0,0) (0,0) (1,0) (0,0) (0,0) (0,0) (0.766044,0.642788) (0,0) (0,0) (0,0) (0,0) (0,0) (0,0) (0,0) (0,0) (0,0) (0.173648,0.984808) (0,0) (0,0) (0,0) (0,0) (0,0)]
[ 81, 6 ]
63
[(0,0) (0,0) (0,0) (0,0) (0,0) (1,0) (0,0) (0,0) (0,0) (0,0) (0,0) (0,0) (0,0) (0,0) (0,0) (0.766044,0.642788) (0,0) (0,0) (0,0) (0.173648,0.984808) (0,0) (0,0) (0,0) (0,0) (0,0) (0,0) (0,0)]
[ 81, 6 ]
64
[(0,0) (0,0) (0,0) (0,0) (0,0) (0,0) (0,0) (1,0) (0,0) (0,0) (0,0) (0.173648,-0.984808) (0,0) (0,0) (0,0) (0,0) (0,0) (0,0) (0,0) (0,0) (0,0) (-0.939693,-0.34202) (0,0) (0,0) (0,0) (0,0) (0,0)]
[ 81, 6 ]
65
[(0,0) (0,0) (0,0) (0,0) (0,0) (1,0) (0,0) (0,0) (0,0) (0,0) (0,0) (0,0) (0,0) (0,0) (0,0) (0.173648,-0.984808) (0,0) (0,0) (0,0) (-0.939693,-0.34202) (0,0) (0,0) (0,0) (0,0) (0,0) (0,0) (0,0)]
[ 81, 6 ]
66
[(0,0) (0,0) (0,0) (0,0) (0,0) (0,0) (0,0) (1,0) (0,0) (0,0) (0,0) (-0.939693,0.34202) (0,0) (0,0) (0,0) (0,0) (0,0) (0,0) (0,0) (0,0) (0,0) (-0.939693,-0.34202) (0,0) (0,0) (0,0) (0,0) (0,0)]
[ 81, 6 ]
67
[(0,0) (0,0) (0,0) (0,0) (0,0) (1,0) (0,0) (0,0) (0,0) (0,0) (0,0) (0,0) (0,0) (0,0) (0,0) (0.766044,0.642788) (0,0) (0,0) (0,0) (-0.939693,-0.34202) (0,0) (0,0) (0,0) (0,0) (0,0) (0,0) (0,0)]
[ 81, 6 ]
68
[(0,0) (0,0) (0,0) (0,0) (0,0) (0,0) (0,0) (1,0) (0,0) (0,0) (0,0) (0.766044,0.642788) (0,0) (0,0) (0,0) (0,0) (0,0) (0,0) (0,0) (0,0) (0,0) (-0.939693,-0.34202) (0,0) (0,0) (0,0) (0,0) (0,0)]
[ 81, 6 ]
69
[(0,0) (0,0) (0,0) (0,0) (0,0) (1,0) (0,0) (0,0) (0,0) (0,0) (0,0) (0,0) (0,0) (0,0) (0,0) (-0.939693,0.34202) (0,0) (0,0) (0,0) (-0.939693,-0.34202) (0,0) (0,0) (0,0) (0,0) (0,0) (0,0) (0,0)]
[ 81, 6 ]
70
[(0,0) (0,0) (0,0) (0,0) (0,0) (0,0) (0,0) (1,0) (0,0) (0,0) (0,0) (0.173648,-0.984808) (0,0) (0,0) (0,0) (0,0) (0,0) (0,0) (0,0) (0,0) (0,0) (0.766044,-0.642788) (0,0) (0,0) (0,0) (0,0) (0,0)]
[ 81, 6 ]
71
[(0,0) (0,0) (0,0) (0,0) (0,0) (1,0) (0,0) (0,0) (0,0) (0,0) (0,0) (0,0) (0,0) (0,0) (0,0) (0.766044,0.642788) (0,0) (0,0) (0,0) (0.766044,-0.642788) (0,0) (0,0) (0,0) (0,0) (0,0) (0,0) (0,0)]
[ 81, 6 ]
72
[(0,0) (0,0) (0,0) (0,0) (0,0) (0,0) (0,0) (1,0) (0,0) (0,0) (0,0) (-0.939693,0.34202) (0,0) (0,0) (0,0) (0,0) (0,0) (0,0) (0,0) (0,0) (0,0) (0.766044,-0.642788) (0,0) (0,0) (0,0) (0,0) (0,0)]
[ 81, 6 ]
73
[(0,0) (0,0) (0,0) (0,0) (0,0) (1,0) (0,0) (0,0) (0,0) (0,0) (0,0) (0,0) (0,0) (0,0) (0,0) (-0.939693,0.34202) (0,0) (0,0) (0,0) (0.766044,-0.642788) (0,0) (0,0) (0,0) (0,0) (0,0) (0,0) (0,0)]
[ 81, 6 ]
74
[(0,0) (0,0) (0,0) (0,0) (0,0) (1,0) (0,0) (0,0) (0,0) (0,0) (0,0) (0,0) (0,0) (0,0) (0,0) (0.173648,-0.984808) (0,0) (0,0) (0,0) (0.766044,-0.642788) (0,0) (0,0) (0,0) (0,0) (0,0) (0,0) (0,0)]
[ 81, 6 ]
75
[(0,0) (0,0) (0,0) (0,0) (0,0) (0,0) (0,0) (1,0) (0,0) (0,0) (0,0) (0.766044,0.642788) (0,0) (0,0) (0,0) (0,0) (0,0) (0,0) (0,0) (0,0) (0,0) (0.766044,-0.642788) (0,0) (0,0) (0,0) (0,0) (0,0)]
[ 81, 6 ]
