1 { 1 2 3 4 5 6 7 8 13 14 15 16 17 18 19 20 21 22 23 24 25 26 27 28 29 30 31 32 33 34 35 36 37 38 39 40 41 42 43 44 } 
1 { 1 2 3 4 5 6 7 8 13 14 15 16 17 18 19 20 21 22 23 24 25 26 27 28 29 30 31 32 33 34 35 36 37 38 39 40 41 42 43 44 } 
[(0.5,0)   (0,0)   (0,0)]
[  (0,0) (0.5,0)   (0,0)]
[  (0,0)   (0,0) (0.5,0)]

2 { 9 11 } 
1 { 1 2 3 4 5 6 7 8 13 14 15 16 17 18 19 20 21 22 23 24 25 26 27 28 29 30 31 32 33 34 35 36 37 38 39 40 41 42 43 44 } 
[   (1,0) (-0.5,0) (0,-0.5)]
[(-0.5,0)    (1,0) (0,-0.5)]
[ (0,0.5)  (0,0.5)    (1,0)]

3 { 10 12 } 
2 { 9 11 } 
[   (1,0)  (0.5,0)  (0,0.5)]
[ (0.5,0)    (1,0)  (0,0.5)]
[(0,-0.5) (0,-0.5)    (1,0)]

