1
[(0,0) (0,0) (0,0) (0,0) (0,0) (0,0) (0,0) (1,0) (0,0) (0,0) (0,0) (1,0) (0,0) (0,0) (0,0) (0,0) (0,0) (0,0) (0,0) (0,0) (0,0) (1,0) (0,0) (0,0) (0,0) (0,0) (0,0)]
[ 12, 3 ][ 21, 1 ][ 24, 3 ][ 24, 13 ]
2
[(0,0) (0,0) (0,0) (0,0) (0,0) (1,0) (0,0) (0,0) (0,0) (0,0) (0,0) (0,0) (0,0) (0,0) (0,0) (1,0) (0,0) (0,0) (0,0) (1,0) (0,0) (0,0) (0,0) (0,0) (0,0) (0,0) (0,0)]
[ 12, 3 ][ 21, 1 ][ 24, 3 ][ 24, 13 ]
3
[(0,0) (0,0) (0,0) (0,0) (0,0) (0,0) (1,0) (0,0) (0,0) (0,0) (1,0) (0,0) (0,0) (0,0) (0,0) (0,0) (0,0) (0,0) (0,0) (0,0) (0,0) (0,0) (0,0) (1,0) (0,0) (0,0) (0,0)]
[ 21, 1 ]
4
[(0,0) (0,0) (0,0) (0,0) (0,0) (0,0) (0,0) (0,0) (1,0) (1,0) (0,0) (0,0) (0,0) (0,0) (0,0) (0,0) (0,0) (0,0) (0,0) (0,0) (0,0) (0,0) (1,0) (0,0) (0,0) (0,0) (0,0)]
[ 21, 1 ]
5
[(0,0) (1,0) (0,0) (0,0) (0,0) (0,0) (0,0) (0,0) (0,0) (0,0) (0,0) (0,0) (0,0) (0,0) (1,0) (0,0) (0,0) (0,0) (0,0) (0,0) (0,0) (0,0) (0,0) (0,0) (1,0) (0,0) (0,0)]
[ 21, 1 ]
6
[(0,0) (0,0) (0,0) (1,0) (0,0) (0,0) (0,0) (0,0) (0,0) (0,0) (0,0) (0,0) (0,0) (0,0) (0,0) (0,0) (1,0) (0,0) (0,0) (0,0) (1,0) (0,0) (0,0) (0,0) (0,0) (0,0) (0,0)]
[ 21, 1 ]
7
[(0,0) (0,0) (0,0) (0,0) (1,0) (0,0) (0,0) (0,0) (0,0) (0,0) (0,0) (0,0) (0,0) (0,0) (0,0) (0,0) (0,0) (1,0) (1,0) (0,0) (0,0) (0,0) (0,0) (0,0) (0,0) (0,0) (0,0)]
[ 21, 1 ]
8
[(0,0) (0,0) (1,0) (0,0) (0,0) (0,0) (0,0) (0,0) (0,0) (0,0) (0,0) (0,0) (1,0) (0,0) (0,0) (0,0) (0,0) (0,0) (0,0) (0,0) (0,0) (0,0) (0,0) (0,0) (0,0) (1,0) (0,0)]
[ 21, 1 ]
9
[(0,0) (0,0) (0,0) (0,0) (0,0) (1,0) (0,0) (-1,0) (0,0) (0,0) (0,0) (-1,0) (0,0) (0,0) (0,0) (1,0) (0,0) (0,0) (0,0) (1,0) (0,0) (-1,0) (0,0) (0,0) (0,0) (0,0) (0,0)]
[ 24, 12 ]
10
[(0,0) (0,0) (0,0) (0,0) (0,0) (1,0) (0,0) (1,0) (0,0) (0,0) (0,0) (1,0) (0,0) (0,0) (0,0) (1,0) (0,0) (0,0) (0,0) (1,0) (0,0) (1,0) (0,0) (0,0) (0,0) (0,0) (0,0)]
[ 24, 12 ]
