1
[(0,0) (0,0) (1,0) (0,0) (0,0) (0,0) (0,0) (0,0) (0,0) (0,0) (0,0) (0,0) (1,0) (0,0) (0,0) (0,0) (0,0) (0,0) (0,0) (0,0) (0,0) (0,0) (0,0) (0,0) (0,0) (1,0) (0,0)]
[(0,0) (0,0) (1,0) (0,0) (0,0) (0,0) (0,0) (0,0) (0,0) (0,0) (0,0) (0,0) (1,0) (0,0) (0,0) (0,0) (0,0) (0,0) (0,0) (0,0) (0,0) (0,0) (0,0) (0,0) (0,0) (1,0) (0,0)]
[ (1,0) (1,0) | (1,0) (1,0) ][ (-0.5,0.866025) (-0.5,0.866025) | (-0.5,0.866025) (-0.5,0.866025) ][ (-0.5,-0.866025) (-0.5,-0.866025) | (-0.5,-0.866025) (-0.5,-0.866025) ][ (-0.5,0.866025) (1,0) | (-0.5,-0.866025) (1,0) ][ (-0.5,-0.866025) (-0.5,0.866025) | (1,0) (-0.5,0.866025) ][ (1,0) (-0.5,-0.866025) | (-0.5,0.866025) (-0.5,-0.866025) ][ (-0.5,-0.866025) (1,0) | (-0.5,0.866025) (1,0) ][ (1,0) (-0.5,0.866025) | (-0.5,-0.866025) (-0.5,0.866025) ][ (-0.5,0.866025) (-0.5,-0.866025) | (1,0) (-0.5,-0.866025) ]
2
[(0,0) (0,0) (1,0) (0,0) (0,0) (0,0) (0,0) (0,0) (0,0) (0,0) (0,0) (0,0) (1,0) (0,0) (0,0) (0,0) (0,0) (0,0) (0,0) (0,0) (0,0) (0,0) (0,0) (0,0) (0,0) (1,0) (0,0)]
[(0,0) (1,0) (0,0) (0,0) (0,0) (0,0) (0,0) (0,0) (0,0) (0,0) (0,0) (0,0) (0,0) (0,0) (1,0) (0,0) (0,0) (0,0) (0,0) (0,0) (0,0) (0,0) (0,0) (0,0) (1,0) (0,0) (0,0)]
[ (1,0) (1,0) | (1,0) (1,0) ][ (-0.5,0.866025) (-0.5,0.866025) | (1,0) (-0.5,0.866025) ][ (-0.5,-0.866025) (-0.5,-0.866025) | (1,0) (-0.5,-0.866025) ][ (-0.5,0.866025) (1,0) | (-0.5,0.866025) (1,0) ][ (-0.5,-0.866025) (-0.5,0.866025) | (-0.5,0.866025) (-0.5,0.866025) ][ (1,0) (-0.5,-0.866025) | (-0.5,0.866025) (-0.5,-0.866025) ][ (-0.5,-0.866025) (1,0) | (-0.5,-0.866025) (1,0) ][ (1,0) (-0.5,0.866025) | (-0.5,-0.866025) (-0.5,0.866025) ][ (-0.5,0.866025) (-0.5,-0.866025) | (-0.5,-0.866025) (-0.5,-0.866025) ]
3
[(0,0) (1,0) (0,0) (0,0) (0,0) (0,0) (0,0) (0,0) (0,0) (0,0) (0,0) (0,0) (0,0) (0,0) (1,0) (0,0) (0,0) (0,0) (0,0) (0,0) (0,0) (0,0) (0,0) (0,0) (1,0) (0,0) (0,0)]
[(0,0) (0,0) (1,0) (0,0) (0,0) (0,0) (0,0) (0,0) (0,0) (0,0) (0,0) (0,0) (1,0) (0,0) (0,0) (0,0) (0,0) (0,0) (0,0) (0,0) (0,0) (0,0) (0,0) (0,0) (0,0) (1,0) (0,0)]
[ (1,0) (1,0) | (1,0) (1,0) ][ (1,0) (-0.5,0.866025) | (-0.5,0.866025) (-0.5,0.866025) ][ (1,0) (-0.5,-0.866025) | (-0.5,-0.866025) (-0.5,-0.866025) ][ (-0.5,-0.866025) (1,0) | (-0.5,-0.866025) (1,0) ][ (-0.5,-0.866025) (-0.5,0.866025) | (1,0) (-0.5,0.866025) ][ (-0.5,-0.866025) (-0.5,-0.866025) | (-0.5,0.866025) (-0.5,-0.866025) ][ (-0.5,0.866025) (1,0) | (-0.5,0.866025) (1,0) ][ (-0.5,0.866025) (-0.5,0.866025) | (-0.5,-0.866025) (-0.5,0.866025) ][ (-0.5,0.866025) (-0.5,-0.866025) | (1,0) (-0.5,-0.866025) ]
4
[(0,0) (1,0) (0,0) (0,0) (0,0) (0,0) (0,0) (0,0) (0,0) (0,0) (0,0) (0,0) (0,0) (0,0) (1,0) (0,0) (0,0) (0,0) (0,0) (0,0) (0,0) (0,0) (0,0) (0,0) (1,0) (0,0) (0,0)]
[(0,0) (1,0) (0,0) (0,0) (0,0) (0,0) (0,0) (0,0) (0,0) (0,0) (0,0) (0,0) (0,0) (0,0) (1,0) (0,0) (0,0) (0,0) (0,0) (0,0) (0,0) (0,0) (0,0) (0,0) (1,0) (0,0) (0,0)]
[ (1,0) (1,0) | (1,0) (1,0) ][ (1,0) (-0.5,0.866025) | (1,0) (-0.5,0.866025) ][ (1,0) (-0.5,-0.866025) | (1,0) (-0.5,-0.866025) ][ (-0.5,-0.866025) (1,0) | (-0.5,0.866025) (1,0) ][ (-0.5,-0.866025) (-0.5,0.866025) | (-0.5,0.866025) (-0.5,0.866025) ][ (-0.5,-0.866025) (-0.5,-0.866025) | (-0.5,0.866025) (-0.5,-0.866025) ][ (-0.5,0.866025) (1,0) | (-0.5,-0.866025) (1,0) ][ (-0.5,0.866025) (-0.5,0.866025) | (-0.5,-0.866025) (-0.5,0.866025) ][ (-0.5,0.866025) (-0.5,-0.866025) | (-0.5,-0.866025) (-0.5,-0.866025) ]
5
[(1,0) (0,0) (0,0) (0,0) (0,0) (0,0) (0,0) (0,0) (0,0) (0,0) (0,0) (0,0) (0,0) (1,0) (0,0) (0,0) (0,0) (0,0) (0,0) (0,0) (0,0) (0,0) (0,0) (0,0) (0,0) (0,0) (1,0)]
[(0,0) (1,0) (0,0) (0,0) (0,0) (0,0) (0,0) (0,0) (0,0) (0,0) (0,0) (0,0) (0,0) (0,0) (1,0) (0,0) (0,0) (0,0) (0,0) (0,0) (0,0) (0,0) (0,0) (0,0) (1,0) (0,0) (0,0)]
[ (1,0) (1,0) | (1,0) (1,0) ]
6
[(0,0) (0,0) (1,0) (0,0) (0,0) (0,0) (0,0) (0,0) (0,0) (0,0) (0,0) (0,0) (1,0) (0,0) (0,0) (0,0) (0,0) (0,0) (0,0) (0,0) (0,0) (0,0) (0,0) (0,0) (0,0) (1,0) (0,0)]
[(1,0) (0,0) (0,0) (0,0) (0,0) (0,0) (0,0) (0,0) (0,0) (0,0) (0,0) (0,0) (0,0) (1,0) (0,0) (0,0) (0,0) (0,0) (0,0) (0,0) (0,0) (0,0) (0,0) (0,0) (0,0) (0,0) (1,0)]
[ (1,0) (1,0) | (1,0) (1,0) ]
7
[(0,0) (1,0) (0,0) (0,0) (0,0) (0,0) (0,0) (0,0) (0,0) (0,0) (0,0) (0,0) (0,0) (0,0) (1,0) (0,0) (0,0) (0,0) (0,0) (0,0) (0,0) (0,0) (0,0) (0,0) (1,0) (0,0) (0,0)]
[(1,0) (0,0) (0,0) (0,0) (0,0) (0,0) (0,0) (0,0) (0,0) (0,0) (0,0) (0,0) (0,0) (1,0) (0,0) (0,0) (0,0) (0,0) (0,0) (0,0) (0,0) (0,0) (0,0) (0,0) (0,0) (0,0) (1,0)]
[ (1,0) (1,0) | (1,0) (1,0) ]
8
[(1,0) (0,0) (0,0) (0,0) (0,0) (0,0) (0,0) (0,0) (0,0) (0,0) (0,0) (0,0) (0,0) (1,0) (0,0) (0,0) (0,0) (0,0) (0,0) (0,0) (0,0) (0,0) (0,0) (0,0) (0,0) (0,0) (1,0)]
[(0,0) (0,0) (1,0) (0,0) (0,0) (0,0) (0,0) (0,0) (0,0) (0,0) (0,0) (0,0) (1,0) (0,0) (0,0) (0,0) (0,0) (0,0) (0,0) (0,0) (0,0) (0,0) (0,0) (0,0) (0,0) (1,0) (0,0)]
[ (1,0) (1,0) | (1,0) (1,0) ]
9
[(0,0) (1,0) (0,0) (1,0) (0,0) (0,0) (0,0) (0,0) (0,0) (0,0) (0,0) (1,0) (0,0) (0,0) (0,0) (1,0) (0,0) (0,0) (0,0) (0,0) (0,0) (0,0) (0,0) (1,0) (0,0) (1,0) (0,0)]
[(0,0) (1,0) (0,0) (1,0) (0,0) (0,0) (0,0) (0,0) (0,0) (0,0) (0,0) (1,0) (0,0) (0,0) (0,0) (1,0) (0,0) (0,0) (0,0) (0,0) (0,0) (0,0) (0,0) (1,0) (0,0) (1,0) (0,0)]
[ (-1,0) (-1,0) (1,0) (1,0) (-1,0) | (-1,0) (-1,0) (1,0) (1,0) (-1,0) ][ (-1,0) (-1,0) (1,0) (1,0) (-1,0) | (1,0) (1,0) (1,0) (1,0) (1,0) ][ (1,0) (1,0) (1,0) (1,0) (1,0) | (-1,0) (-1,0) (1,0) (1,0) (-1,0) ][ (1,0) (1,0) (1,0) (1,0) (1,0) | (1,0) (1,0) (1,0) (1,0) (1,0) ]
