1
[(0,0) (0,0) (0,0) (0,0) (0,0) (0,0) (0,0) (1,0) (0,0) (0,0) (0,0) (1,0) (0,0) (0,0) (0,0) (0,0) (0,0) (0,0) (0,0) (0,0) (0,0) (1,0) (0,0) (0,0) (0,0) (0,0) (0,0)]
[(0,0) (0,0) (0,0) (0,0) (0,0) (0,0) (0,0) (1,0) (0,0) (0,0) (0,0) (1,0) (0,0) (0,0) (0,0) (0,0) (0,0) (0,0) (0,0) (0,0) (0,0) (1,0) (0,0) (0,0) (0,0) (0,0) (0,0)]
[ 12, 3 ][ 24, 3 ][ 24, 13 ]
2
[(0,0) (0,0) (0,0) (0,0) (0,0) (0,0) (0,0) (1,0) (0,0) (0,0) (0,0) (1,0) (0,0) (0,0) (0,0) (0,0) (0,0) (0,0) (0,0) (0,0) (0,0) (1,0) (0,0) (0,0) (0,0) (0,0) (0,0)]
[(0,0) (0,0) (0,0) (0,0) (0,0) (1,0) (0,0) (0,0) (0,0) (0,0) (0,0) (0,0) (0,0) (0,0) (0,0) (1,0) (0,0) (0,0) (0,0) (1,0) (0,0) (0,0) (0,0) (0,0) (0,0) (0,0) (0,0)]
[ 12, 3 ][ 24, 3 ][ 24, 13 ]
3
[(0,0) (0,0) (0,0) (0,0) (0,0) (1,0) (0,0) (0,0) (0,0) (0,0) (0,0) (0,0) (0,0) (0,0) (0,0) (1,0) (0,0) (0,0) (0,0) (1,0) (0,0) (0,0) (0,0) (0,0) (0,0) (0,0) (0,0)]
[(0,0) (0,0) (0,0) (0,0) (0,0) (0,0) (0,0) (1,0) (0,0) (0,0) (0,0) (1,0) (0,0) (0,0) (0,0) (0,0) (0,0) (0,0) (0,0) (0,0) (0,0) (1,0) (0,0) (0,0) (0,0) (0,0) (0,0)]
[ 12, 3 ][ 21, 1 ][ 24, 3 ][ 24, 13 ]
4
[(0,0) (0,0) (0,0) (0,0) (0,0) (1,0) (0,0) (0,0) (0,0) (0,0) (0,0) (0,0) (0,0) (0,0) (0,0) (1,0) (0,0) (0,0) (0,0) (1,0) (0,0) (0,0) (0,0) (0,0) (0,0) (0,0) (0,0)]
[(0,0) (0,0) (0,0) (0,0) (0,0) (1,0) (0,0) (0,0) (0,0) (0,0) (0,0) (0,0) (0,0) (0,0) (0,0) (1,0) (0,0) (0,0) (0,0) (1,0) (0,0) (0,0) (0,0) (0,0) (0,0) (0,0) (0,0)]
[ 12, 3 ][ 24, 3 ][ 24, 13 ]
5
[(0,0) (0,0) (1,0) (0,0) (0,0) (0,0) (0,0) (0,0) (0,0) (0,0) (0,0) (0,0) (1,0) (0,0) (0,0) (0,0) (0,0) (0,0) (0,0) (0,0) (0,0) (0,0) (0,0) (0,0) (0,0) (1,0) (0,0)]
[(0,0) (0,0) (0,0) (0,0) (0,0) (0,0) (1,0) (0,0) (0,0) (0,0) (1,0) (0,0) (0,0) (0,0) (0,0) (0,0) (0,0) (0,0) (0,0) (0,0) (0,0) (0,0) (0,0) (1,0) (0,0) (0,0) (0,0)]
[ 21, 1 ]
6
[(0,0) (0,0) (1,0) (0,0) (0,0) (0,0) (0,0) (0,0) (0,0) (0,0) (0,0) (0,0) (1,0) (0,0) (0,0) (0,0) (0,0) (0,0) (0,0) (0,0) (0,0) (0,0) (0,0) (0,0) (0,0) (1,0) (0,0)]
[(0,0) (0,0) (0,0) (0,0) (0,0) (1,0) (0,0) (0,0) (0,0) (0,0) (0,0) (0,0) (0,0) (0,0) (0,0) (1,0) (0,0) (0,0) (0,0) (1,0) (0,0) (0,0) (0,0) (0,0) (0,0) (0,0) (0,0)]
[ 21, 1 ]
7
[(0,0) (0,0) (0,0) (1,0) (0,0) (0,0) (0,0) (0,0) (0,0) (0,0) (0,0) (0,0) (0,0) (0,0) (0,0) (0,0) (1,0) (0,0) (0,0) (0,0) (1,0) (0,0) (0,0) (0,0) (0,0) (0,0) (0,0)]
[(0,0) (0,0) (0,0) (0,0) (0,0) (0,0) (1,0) (0,0) (0,0) (0,0) (1,0) (0,0) (0,0) (0,0) (0,0) (0,0) (0,0) (0,0) (0,0) (0,0) (0,0) (0,0) (0,0) (1,0) (0,0) (0,0) (0,0)]
[ 21, 1 ]
8
[(0,0) (0,0) (0,0) (0,0) (0,0) (0,0) (0,0) (0,0) (1,0) (1,0) (0,0) (0,0) (0,0) (0,0) (0,0) (0,0) (0,0) (0,0) (0,0) (0,0) (0,0) (0,0) (1,0) (0,0) (0,0) (0,0) (0,0)]
[(0,0) (0,0) (0,0) (0,0) (0,0) (0,0) (1,0) (0,0) (0,0) (0,0) (1,0) (0,0) (0,0) (0,0) (0,0) (0,0) (0,0) (0,0) (0,0) (0,0) (0,0) (0,0) (0,0) (1,0) (0,0) (0,0) (0,0)]
[ 21, 1 ]
9
[(0,0) (0,0) (0,0) (1,0) (0,0) (0,0) (0,0) (0,0) (0,0) (0,0) (0,0) (0,0) (0,0) (0,0) (0,0) (0,0) (1,0) (0,0) (0,0) (0,0) (1,0) (0,0) (0,0) (0,0) (0,0) (0,0) (0,0)]
[(0,0) (0,0) (0,0) (0,0) (0,0) (1,0) (0,0) (0,0) (0,0) (0,0) (0,0) (0,0) (0,0) (0,0) (0,0) (1,0) (0,0) (0,0) (0,0) (1,0) (0,0) (0,0) (0,0) (0,0) (0,0) (0,0) (0,0)]
[ 21, 1 ]
10
[(0,0) (0,0) (0,0) (0,0) (0,0) (0,0) (0,0) (0,0) (1,0) (1,0) (0,0) (0,0) (0,0) (0,0) (0,0) (0,0) (0,0) (0,0) (0,0) (0,0) (0,0) (0,0) (1,0) (0,0) (0,0) (0,0) (0,0)]
[(0,0) (0,0) (0,0) (0,0) (0,0) (1,0) (0,0) (0,0) (0,0) (0,0) (0,0) (0,0) (0,0) (0,0) (0,0) (1,0) (0,0) (0,0) (0,0) (1,0) (0,0) (0,0) (0,0) (0,0) (0,0) (0,0) (0,0)]
[ 21, 1 ]
11
[(0,0) (0,0) (0,0) (0,0) (0,0) (0,0) (0,0) (1,0) (0,0) (0,0) (0,0) (1,0) (0,0) (0,0) (0,0) (0,0) (0,0) (0,0) (0,0) (0,0) (0,0) (1,0) (0,0) (0,0) (0,0) (0,0) (0,0)]
[(0,0) (0,0) (0,0) (0,0) (0,0) (0,0) (0,0) (0,0) (1,0) (1,0) (0,0) (0,0) (0,0) (0,0) (0,0) (0,0) (0,0) (0,0) (0,0) (0,0) (0,0) (0,0) (1,0) (0,0) (0,0) (0,0) (0,0)]
[ 21, 1 ]
12
[(0,0) (0,0) (0,0) (0,0) (0,0) (0,0) (0,0) (1,0) (0,0) (0,0) (0,0) (1,0) (0,0) (0,0) (0,0) (0,0) (0,0) (0,0) (0,0) (0,0) (0,0) (1,0) (0,0) (0,0) (0,0) (0,0) (0,0)]
[(0,0) (1,0) (0,0) (0,0) (0,0) (0,0) (0,0) (0,0) (0,0) (0,0) (0,0) (0,0) (0,0) (0,0) (1,0) (0,0) (0,0) (0,0) (0,0) (0,0) (0,0) (0,0) (0,0) (0,0) (1,0) (0,0) (0,0)]
[ 21, 1 ]
13
[(0,0) (0,0) (0,0) (0,0) (0,0) (0,0) (0,0) (1,0) (0,0) (0,0) (0,0) (1,0) (0,0) (0,0) (0,0) (0,0) (0,0) (0,0) (0,0) (0,0) (0,0) (1,0) (0,0) (0,0) (0,0) (0,0) (0,0)]
[(0,0) (0,0) (0,0) (1,0) (0,0) (0,0) (0,0) (0,0) (0,0) (0,0) (0,0) (0,0) (0,0) (0,0) (0,0) (0,0) (1,0) (0,0) (0,0) (0,0) (1,0) (0,0) (0,0) (0,0) (0,0) (0,0) (0,0)]
[ 21, 1 ]
14
[(0,0) (1,0) (0,0) (0,0) (0,0) (0,0) (0,0) (0,0) (0,0) (0,0) (0,0) (0,0) (0,0) (0,0) (1,0) (0,0) (0,0) (0,0) (0,0) (0,0) (0,0) (0,0) (0,0) (0,0) (1,0) (0,0) (0,0)]
[(0,0) (0,0) (0,0) (0,0) (0,0) (0,0) (0,0) (0,0) (1,0) (1,0) (0,0) (0,0) (0,0) (0,0) (0,0) (0,0) (0,0) (0,0) (0,0) (0,0) (0,0) (0,0) (1,0) (0,0) (0,0) (0,0) (0,0)]
[ 21, 1 ]
15
[(0,0) (1,0) (0,0) (0,0) (0,0) (0,0) (0,0) (0,0) (0,0) (0,0) (0,0) (0,0) (0,0) (0,0) (1,0) (0,0) (0,0) (0,0) (0,0) (0,0) (0,0) (0,0) (0,0) (0,0) (1,0) (0,0) (0,0)]
[(0,0) (1,0) (0,0) (0,0) (0,0) (0,0) (0,0) (0,0) (0,0) (0,0) (0,0) (0,0) (0,0) (0,0) (1,0) (0,0) (0,0) (0,0) (0,0) (0,0) (0,0) (0,0) (0,0) (0,0) (1,0) (0,0) (0,0)]
[ 21, 1 ]
16
[(0,0) (1,0) (0,0) (0,0) (0,0) (0,0) (0,0) (0,0) (0,0) (0,0) (0,0) (0,0) (0,0) (0,0) (1,0) (0,0) (0,0) (0,0) (0,0) (0,0) (0,0) (0,0) (0,0) (0,0) (1,0) (0,0) (0,0)]
[(0,0) (0,0) (0,0) (1,0) (0,0) (0,0) (0,0) (0,0) (0,0) (0,0) (0,0) (0,0) (0,0) (0,0) (0,0) (0,0) (1,0) (0,0) (0,0) (0,0) (1,0) (0,0) (0,0) (0,0) (0,0) (0,0) (0,0)]
[ 21, 1 ]
17
[(0,0) (0,0) (0,0) (0,0) (0,0) (1,0) (0,0) (0,0) (0,0) (0,0) (0,0) (0,0) (0,0) (0,0) (0,0) (1,0) (0,0) (0,0) (0,0) (1,0) (0,0) (0,0) (0,0) (0,0) (0,0) (0,0) (0,0)]
[(0,0) (0,0) (0,0) (0,0) (1,0) (0,0) (0,0) (0,0) (0,0) (0,0) (0,0) (0,0) (0,0) (0,0) (0,0) (0,0) (0,0) (1,0) (1,0) (0,0) (0,0) (0,0) (0,0) (0,0) (0,0) (0,0) (0,0)]
[ 21, 1 ]
18
[(0,0) (0,0) (0,0) (0,0) (0,0) (1,0) (0,0) (0,0) (0,0) (0,0) (0,0) (0,0) (0,0) (0,0) (0,0) (1,0) (0,0) (0,0) (0,0) (1,0) (0,0) (0,0) (0,0) (0,0) (0,0) (0,0) (0,0)]
[(0,0) (0,0) (1,0) (0,0) (0,0) (0,0) (0,0) (0,0) (0,0) (0,0) (0,0) (0,0) (1,0) (0,0) (0,0) (0,0) (0,0) (0,0) (0,0) (0,0) (0,0) (0,0) (0,0) (0,0) (0,0) (1,0) (0,0)]
[ 21, 1 ]
19
[(0,0) (1,0) (0,0) (0,0) (0,0) (0,0) (0,0) (0,0) (0,0) (0,0) (0,0) (0,0) (0,0) (0,0) (1,0) (0,0) (0,0) (0,0) (0,0) (0,0) (0,0) (0,0) (0,0) (0,0) (1,0) (0,0) (0,0)]
[(0,0) (0,0) (0,0) (0,0) (0,0) (0,0) (0,0) (1,0) (0,0) (0,0) (0,0) (1,0) (0,0) (0,0) (0,0) (0,0) (0,0) (0,0) (0,0) (0,0) (0,0) (1,0) (0,0) (0,0) (0,0) (0,0) (0,0)]
[ 21, 1 ]
20
[(0,0) (1,0) (0,0) (0,0) (0,0) (0,0) (0,0) (0,0) (0,0) (0,0) (0,0) (0,0) (0,0) (0,0) (1,0) (0,0) (0,0) (0,0) (0,0) (0,0) (0,0) (0,0) (0,0) (0,0) (1,0) (0,0) (0,0)]
[(0,0) (0,0) (0,0) (0,0) (1,0) (0,0) (0,0) (0,0) (0,0) (0,0) (0,0) (0,0) (0,0) (0,0) (0,0) (0,0) (0,0) (1,0) (1,0) (0,0) (0,0) (0,0) (0,0) (0,0) (0,0) (0,0) (0,0)]
[ 21, 1 ]
21
[(0,0) (1,0) (0,0) (0,0) (0,0) (0,0) (0,0) (0,0) (0,0) (0,0) (0,0) (0,0) (0,0) (0,0) (1,0) (0,0) (0,0) (0,0) (0,0) (0,0) (0,0) (0,0) (0,0) (0,0) (1,0) (0,0) (0,0)]
[(0,0) (0,0) (1,0) (0,0) (0,0) (0,0) (0,0) (0,0) (0,0) (0,0) (0,0) (0,0) (1,0) (0,0) (0,0) (0,0) (0,0) (0,0) (0,0) (0,0) (0,0) (0,0) (0,0) (0,0) (0,0) (1,0) (0,0)]
[ 21, 1 ]
22
[(0,0) (0,0) (0,0) (0,0) (1,0) (0,0) (0,0) (0,0) (0,0) (0,0) (0,0) (0,0) (0,0) (0,0) (0,0) (0,0) (0,0) (1,0) (1,0) (0,0) (0,0) (0,0) (0,0) (0,0) (0,0) (0,0) (0,0)]
[(0,0) (0,0) (0,0) (1,0) (0,0) (0,0) (0,0) (0,0) (0,0) (0,0) (0,0) (0,0) (0,0) (0,0) (0,0) (0,0) (1,0) (0,0) (0,0) (0,0) (1,0) (0,0) (0,0) (0,0) (0,0) (0,0) (0,0)]
[ 21, 1 ]
23
[(0,0) (0,0) (0,0) (0,0) (0,0) (0,0) (1,0) (0,0) (0,0) (0,0) (1,0) (0,0) (0,0) (0,0) (0,0) (0,0) (0,0) (0,0) (0,0) (0,0) (0,0) (0,0) (0,0) (1,0) (0,0) (0,0) (0,0)]
[(0,0) (0,0) (0,0) (1,0) (0,0) (0,0) (0,0) (0,0) (0,0) (0,0) (0,0) (0,0) (0,0) (0,0) (0,0) (0,0) (1,0) (0,0) (0,0) (0,0) (1,0) (0,0) (0,0) (0,0) (0,0) (0,0) (0,0)]
[ 21, 1 ]
24
[(0,0) (0,0) (0,0) (0,0) (1,0) (0,0) (0,0) (0,0) (0,0) (0,0) (0,0) (0,0) (0,0) (0,0) (0,0) (0,0) (0,0) (1,0) (1,0) (0,0) (0,0) (0,0) (0,0) (0,0) (0,0) (0,0) (0,0)]
[(0,0) (0,0) (0,0) (0,0) (0,0) (0,0) (1,0) (0,0) (0,0) (0,0) (1,0) (0,0) (0,0) (0,0) (0,0) (0,0) (0,0) (0,0) (0,0) (0,0) (0,0) (0,0) (0,0) (1,0) (0,0) (0,0) (0,0)]
[ 21, 1 ]
25
[(0,0) (0,0) (0,0) (0,0) (0,0) (0,0) (1,0) (0,0) (0,0) (0,0) (1,0) (0,0) (0,0) (0,0) (0,0) (0,0) (0,0) (0,0) (0,0) (0,0) (0,0) (0,0) (0,0) (1,0) (0,0) (0,0) (0,0)]
[(0,0) (0,0) (0,0) (0,0) (0,0) (0,0) (1,0) (0,0) (0,0) (0,0) (1,0) (0,0) (0,0) (0,0) (0,0) (0,0) (0,0) (0,0) (0,0) (0,0) (0,0) (0,0) (0,0) (1,0) (0,0) (0,0) (0,0)]
[ 21, 1 ]
26
[(0,0) (0,0) (1,0) (0,0) (0,0) (0,0) (0,0) (0,0) (0,0) (0,0) (0,0) (0,0) (1,0) (0,0) (0,0) (0,0) (0,0) (0,0) (0,0) (0,0) (0,0) (0,0) (0,0) (0,0) (0,0) (1,0) (0,0)]
[(0,0) (0,0) (0,0) (1,0) (0,0) (0,0) (0,0) (0,0) (0,0) (0,0) (0,0) (0,0) (0,0) (0,0) (0,0) (0,0) (1,0) (0,0) (0,0) (0,0) (1,0) (0,0) (0,0) (0,0) (0,0) (0,0) (0,0)]
[ 21, 1 ]
27
[(0,0) (0,0) (0,0) (0,0) (0,0) (1,0) (0,0) (-1,0) (0,0) (0,0) (0,0) (-1,0) (0,0) (0,0) (0,0) (1,0) (0,0) (0,0) (0,0) (1,0) (0,0) (-1,0) (0,0) (0,0) (0,0) (0,0) (0,0)]
[(0,0) (0,0) (0,0) (0,0) (0,0) (1,0) (0,0) (-1,0) (0,0) (0,0) (0,0) (-1,0) (0,0) (0,0) (0,0) (1,0) (0,0) (0,0) (0,0) (1,0) (0,0) (-1,0) (0,0) (0,0) (0,0) (0,0) (0,0)]
[ 24, 12 ]
28
[(0,0) (0,0) (0,0) (0,0) (0,0) (1,0) (0,0) (-1,0) (0,0) (0,0) (0,0) (-1,0) (0,0) (0,0) (0,0) (1,0) (0,0) (0,0) (0,0) (1,0) (0,0) (-1,0) (0,0) (0,0) (0,0) (0,0) (0,0)]
[(0,0) (0,0) (0,0) (0,0) (0,0) (1,0) (0,0) (1,0) (0,0) (0,0) (0,0) (1,0) (0,0) (0,0) (0,0) (1,0) (0,0) (0,0) (0,0) (1,0) (0,0) (1,0) (0,0) (0,0) (0,0) (0,0) (0,0)]
[ 24, 12 ]
29
[(0,0) (0,0) (0,0) (0,0) (0,0) (1,0) (0,0) (1,0) (0,0) (0,0) (0,0) (1,0) (0,0) (0,0) (0,0) (1,0) (0,0) (0,0) (0,0) (1,0) (0,0) (1,0) (0,0) (0,0) (0,0) (0,0) (0,0)]
[(0,0) (0,0) (0,0) (0,0) (0,0) (1,0) (0,0) (-1,0) (0,0) (0,0) (0,0) (-1,0) (0,0) (0,0) (0,0) (1,0) (0,0) (0,0) (0,0) (1,0) (0,0) (-1,0) (0,0) (0,0) (0,0) (0,0) (0,0)]
[ 24, 12 ]
30
[(0,0) (0,0) (0,0) (0,0) (0,0) (1,0) (0,0) (1,0) (0,0) (0,0) (0,0) (1,0) (0,0) (0,0) (0,0) (1,0) (0,0) (0,0) (0,0) (1,0) (0,0) (1,0) (0,0) (0,0) (0,0) (0,0) (0,0)]
[(0,0) (0,0) (0,0) (0,0) (0,0) (1,0) (0,0) (1,0) (0,0) (0,0) (0,0) (1,0) (0,0) (0,0) (0,0) (1,0) (0,0) (0,0) (0,0) (1,0) (0,0) (1,0) (0,0) (0,0) (0,0) (0,0) (0,0)]
[ 24, 12 ]
