1
2
1
2
2
2
2
3
3
4
4
5
2
2
4
4
2
2
4
4
5
4
4
4
6
5
6
6
3
2
6
3
6
2
2
6
8
8
6
6
6
8
8
8
8
6
6
6
8
8
7
9
10
5
6
8
4
4
10
4
2
2
2
8
4
4
8
4
4
4
4
4
4
4
8
4
8
4
4
4
4
4
4
5
5
8
6
8
10
10
9
8
8
8
8
9
11
9
11
11
8
8
8
9
12
12
12
12
5
10
2
2
10
12
4
12
14
11
10
10
15
2
2
4
12
6
6
15
4
12
15
6
6
12
2
2
4
2
2
4
12
6
6
4
6
12
4
4
12
15
16
14
16
16
8
16
16
16
13
17
12
12
12
4
4
4
4
4
12
12
12
16
16
16
16
4
4
12
12
4
12
12
12
16
16
8
8
7
9
2
14
2
2
2
16
14
18
18
18
15
15
20
20
18
18
20
20
18
20
20
14
14
18
21
5
6
6
12
8
4
4
16
8
20
10
10
4
4
4
2
2
2
2
2
2
8
2
2
16
8
12
4
8
8
4
4
4
8
4
8
4
4
4
4
16
8
4
4
4
8
8
4
4
16
8
16
8
8
8
4
4
4
4
8
4
8
4
8
8
8
4
8
4
4
4
4
4
8
20
16
8
8
8
8
8
8
4
4
4
4
4
4
4
4
4
4
16
8
8
8
4
4
4
4
4
4
21
5
5
5
5
5
8
16
8
8
8
8
8
8
8
8
8
8
8
8
8
8
8
8
8
16
8
6
6
6
6
6
6
12
16
8
8
8
8
8
8
8
8
20
10
10
10
10
16
12
16
20
21
20
22
17
4
20
9
16
16
16
2
18
16
9
11
9
11
11
8
16
8
16
8
16
16
8
8
8
8
8
18
6
6
6
2
2
10
2
2
6
2
16
18
22
18
22
22
16
16
16
9
1
18
6
2
6
2
18
24
24
24
24
24
24
19
25
22
24
8
24
26
25
10
10
20
2
2
4
2
2
4
20
10
10
4
4
4
20
4
4
20
25
18
26
26
26
26
26
26
26
18
18
24
24
24
24
24
24
24
24
18
6
18
26
26
26
8
8
8
18
18
18
18
18
24
24
24
24
24
24
24
24
24
24
24
18
18
24
24
24
24
24
6
6
6
6
6
18
18
18
24
24
21
27
8
24
9
8
24
21
27
28
11
22
2
2
22
4
4
20
4
20
20
26
28
30
30
23
30
30
30
15
6
8
4
4
30
12
6
6
6
24
12
15
4
8
4
4
4
4
4
4
4
8
4
24
12
12
12
12
12
12
15
15
18
24
12
12
6
8
4
4
2
2
10
8
4
4
2
30
12
6
6
6
24
12
8
6
24
30
4
4
4
4
4
4
4
4
4
8
8
4
8
4
4
6
6
12
24
12
12
12
12
12
12
12
24
12
4
8
4
4
4
4
4
4
4
8
4
4
8
4
4
4
4
4
4
4
8
4
24
12
12
12
12
12
12
15
15
8
4
8
12
24
8
18
6
8
10
24
30
32
32
12
4
4
4
28
32
32
22
22
25
16
32
16
32
25
33
34
32
32
16
16
13
17
26
2
2
2
32
26
34
30
30
27
24
24
24
8
8
8
8
8
24
24
24
32
32
32
32
27
33
27
33
27
33
33
35
35
35
33
17
17
17
17
17
17
33
35
24
24
24
8
8
8
8
8
24
24
24
32
32
32
32
8
8
24
24
8
24
24
24
24
24
8
8
27
33
33
15
15
15
15
27
33
33
8
8
24
24
8
24
24
24
1
27
36
36
36
32
32
16
16
32
16
8
8
8
35
37
14
14
28
2
2
4
2
2
4
2
2
4
32
16
16
16
28
14
14
36
18
18
4
4
28
4
4
4
32
28
36
35
37
36
12
36
29
36
36
38
38
36
38
38
26
26
36
34
15
10
2
6
30
15
30
6
10
2
6
10
2
30
40
40
40
40
31
41
8
40
36
4
4
4
4
4
4
4
12
4
36
40
40
36
40
40
4
4
28
4
28
28
12
4
36
42
21
5
5
5
14
6
6
24
12
12
8
8
4
4
4
4
16
32
16
20
10
4
4
4
42
10
10
2
2
2
2
2
40
20
10
10
8
4
4
4
8
4
8
4
2
2
2
2
2
2
2
2
16
2
2
32
16
12
24
12
12
12
12
12
12
12
4
8
4
4
8
4
4
4
4
4
4
4
4
4
4
4
4
4
16
16
8
8
4
4
4
4
4
4
16
8
16
8
4
4
4
4
4
4
4
4
4
4
4
4
32
16
4
4
4
16
16
4
4
4
32
16
16
8
24
12
8
8
8
8
8
16
8
16
8
16
8
8
8
8
16
8
8
16
16
16
8
8
16
8
8
8
8
8
8
8
8
8
4
8
8
4
4
4
4
4
4
4
4
4
4
4
4
4
4
4
4
4
4
4
32
16
8
32
16
16
8
8
8
16
8
8
8
8
8
16
16
8
16
8
16
8
8
8
8
8
8
8
8
8
4
4
4
4
4
4
4
4
16
16
8
8
8
8
8
8
8
8
8
8
8
8
8
8
8
40
20
16
20
20
20
16
20
20
16
8
8
8
8
8
8
8
8
8
8
8
8
8
4
4
4
4
4
4
4
4
4
4
4
4
4
4
4
4
4
4
4
4
4
4
4
4
4
4
4
4
4
4
4
4
4
4
4
4
4
4
4
4
4
4
32
16
16
16
16
8
8
8
8
8
8
8
8
8
8
8
8
8
16
8
8
8
8
8
8
8
16
8
16
8
16
8
16
8
4
4
4
4
4
4
4
4
4
4
4
4
4
4
4
4
32
16
16
16
4
4
4
4
4
4
21
21
21
21
5
5
5
5
5
5
5
5
5
16
8
8
24
32
16
16
8
8
8
16
8
8
16
16
8
8
8
8
8
16
8
8
8
16
16
16
8
8
8
8
8
8
16
16
8
8
8
8
8
8
16
8
8
16
16
8
8
8
8
8
16
8
8
8
8
8
8
16
16
16
8
8
8
8
8
8
8
16
8
8
16
16
8
8
8
8
8
16
8
8
8
16
16
16
8
8
8
8
8
8
8
8
8
8
8
8
8
8
8
8
8
8
8
8
8
8
8
8
8
8
8
8
8
8
8
8
8
8
8
8
8
8
8
8
8
8
8
8
8
8
8
8
8
8
8
8
8
8
8
8
8
8
8
8
8
8
8
8
8
8
8
8
32
16
16
8
8
8
16
16
8
8
8
16
16
16
8
8
8
16
16
8
8
8
8
8
8
8
8
8
8
8
8
8
8
8
8
8
8
8
8
8
8
32
16
32
16
8
16
16
16
16
8
8
8
8
8
16
8
8
8
8
8
8
8
8
8
16
8
8
16
16
8
8
8
8
16
16
16
8
8
8
16
8
8
16
16
8
8
8
8
8
8
8
8
16
8
8
8
8
8
16
8
8
8
8
8
8
16
8
8
8
16
8
14
6
6
6
6
6
6
6
6
6
6
6
6
6
24
12
12
12
12
12
12
40
32
16
16
16
16
16
16
16
16
16
16
16
16
8
8
8
8
8
8
8
8
8
8
8
8
8
8
8
8
8
8
8
8
8
8
8
8
8
8
8
8
8
8
8
8
8
8
8
8
8
8
8
8
8
8
32
16
16
16
16
16
8
8
8
8
8
8
8
8
8
8
8
8
42
20
20
10
10
10
10
10
10
10
10
10
10
10
10
10
10
10
10
10
10
10
40
20
20
16
32
16
16
16
16
16
16
16
16
16
16
16
16
16
16
16
16
16
16
16
16
16
16
16
16
16
16
16
32
16
12
24
12
12
12
12
12
12
12
12
12
12
12
12
12
12
12
12
12
12
12
24
12
32
16
16
16
16
16
16
16
16
16
16
16
16
40
20
20
20
20
20
20
20
20
20
20
21
21
21
32
24
14
42
40
32
42
42
8
40
33
33
38
42
44
44
44
30
30
30
40
40
40
40
30
30
30
17
34
2
2
34
46
8
40
8
8
40
35
45
44
45
32
32
32
2
2
4
36
18
18
32
45
47
45
47
47
32
16
8
8
8
32
16
32
16
16
16
8
8
8
8
16
32
32
16
16
16
16
32
32
16
16
8
8
8
8
8
8
4
36
45
16
18
18
36
6
6
6
6
6
6
12
12
12
2
2
4
2
2
10
10
4
20
2
2
2
2
4
4
6
6
2
2
12
4
32
16
32
16
32
16
16
36
44
18
22
18
22
36
44
44
18
22
22
18
22
22
16
32
16
16
16
16
16
16
32
16
32
32
16
16
16
16
16
16
45
4
4
4
18
18
20
20
20
16
36
12
12
12
4
4
20
4
4
12
4
32
36
44
36
44
44
45
47
45
47
47
32
32
32
18
18
36
6
6
12
2
2
4
6
6
12
2
2
4
36
18
18
2
2
4
4
12
4
4
4
4
18
36
12
4
12
4
36
45
48
48
48
42
48
48
12
42
48
48
48
48
37
49
8
48
24
8
16
48
50
48
48
24
24
19
25
38
2
2
2
48
38
50
34
34
4
44
50
48
48
39
51
16
48
15
16
48
39
51
52
52
25
30
40
20
20
6
8
4
4
2
2
10
8
4
4
2
50
20
10
10
10
40
20
4
4
8
4
4
8
4
4
4
4
4
4
4
4
4
8
8
4
8
4
4
20
40
20
20
20
20
20
20
20
40
20
4
8
4
4
4
4
4
4
4
8
4
4
8
4
4
4
4
4
4
4
8
4
40
20
20
20
20
20
20
25
25
8
8
8
8
40
8
30
6
8
10
40
50
46
12
12
12
12
12
12
12
12
12
12
12
12
36
36
36
12
12
12
12
12
4
4
4
4
4
4
4
4
4
4
4
4
4
4
4
4
4
16
36
52
52
52
52
52
52
52
36
36
48
48
48
48
48
48
48
48
36
12
36
52
52
52
16
16
16
12
12
4
4
4
4
4
4
4
4
4
12
36
16
36
16
36
16
16
36
12
12
36
12
12
12
12
12
12
12
36
12
12
12
12
12
12
12
12
12
12
12
4
4
16
4
4
4
4
4
36
36
36
36
36
48
48
48
48
48
48
48
48
48
48
48
36
36
48
48
48
48
48
12
12
12
12
12
12
12
12
36
4
4
36
12
12
4
36
36
36
54
41
48
48
24
24
21
27
16
48
6
14
2
6
6
48
42
54
9
8
16
8
16
8
48
24
24
21
27
6
10
6
6
18
42
6
14
2
16
6
6
14
2
18
2
48
42
54
56
52
56
56
