Pcgs([ f1, f2, f3, f4 ]) -> [ [ [ 0, 1, 0 ], [ 0, 0, 1 ], [ 1, 0, 0 ] ], 
  [ [ 1, 0, 0 ], [ 0, 1, 0 ], [ 0, 0, 1 ] ], 
  [ [ -1, 0, 0 ], [ 0, 1, 0 ], [ 0, 0, -1 ] ], 
  [ [ -1, 0, 0 ], [ 0, -1, 0 ], [ 0, 0, 1 ] ] ]
Pcgs([ f1, f2, f3, f4 ]) -> [ [ [ 0, 1, 0 ], [ 0, 0, 1 ], [ 1, 0, 0 ] ], 
  [ [ E(5)^2, 0, 0 ], [ 0, E(5)^2, 0 ], [ 0, 0, E(5)^2 ] ], 
  [ [ -1, 0, 0 ], [ 0, 1, 0 ], [ 0, 0, -1 ] ], 
  [ [ -1, 0, 0 ], [ 0, -1, 0 ], [ 0, 0, 1 ] ] ]
Pcgs([ f1, f2, f3, f4 ]) -> [ [ [ 0, 1, 0 ], [ 0, 0, 1 ], [ 1, 0, 0 ] ], 
  [ [ E(5), 0, 0 ], [ 0, E(5), 0 ], [ 0, 0, E(5) ] ], 
  [ [ -1, 0, 0 ], [ 0, 1, 0 ], [ 0, 0, -1 ] ], 
  [ [ -1, 0, 0 ], [ 0, -1, 0 ], [ 0, 0, 1 ] ] ]
Pcgs([ f1, f2, f3, f4 ]) -> [ [ [ 0, 1, 0 ], [ 0, 0, 1 ], [ 1, 0, 0 ] ], 
  [ [ E(5)^4, 0, 0 ], [ 0, E(5)^4, 0 ], [ 0, 0, E(5)^4 ] ], 
  [ [ -1, 0, 0 ], [ 0, 1, 0 ], [ 0, 0, -1 ] ], 
  [ [ -1, 0, 0 ], [ 0, -1, 0 ], [ 0, 0, 1 ] ] ]
Pcgs([ f1, f2, f3, f4 ]) -> [ [ [ 0, 1, 0 ], [ 0, 0, 1 ], [ 1, 0, 0 ] ], 
  [ [ E(5)^3, 0, 0 ], [ 0, E(5)^3, 0 ], [ 0, 0, E(5)^3 ] ], 
  [ [ -1, 0, 0 ], [ 0, 1, 0 ], [ 0, 0, -1 ] ], 
  [ [ -1, 0, 0 ], [ 0, -1, 0 ], [ 0, 0, 1 ] ] ]
