Pcgs([ f1, f2, f3, f4, f5 ]) -> 
[ [ [ -1, 0, 0 ], [ 0, -1, 0 ], [ 0, 0, -1 ] ], 
  [ [ 0, 1, 0 ], [ 0, 0, 1 ], [ 1, 0, 0 ] ], 
  [ [ 1, 0, 0 ], [ 0, 1, 0 ], [ 0, 0, 1 ] ], 
  [ [ -1, 0, 0 ], [ 0, 1, 0 ], [ 0, 0, -1 ] ], 
  [ [ -1, 0, 0 ], [ 0, -1, 0 ], [ 0, 0, 1 ] ] ]
Pcgs([ f1, f2, f3, f4, f5 ]) -> [ [ [ 1, 0, 0 ], [ 0, 1, 0 ], [ 0, 0, 1 ] ], 
  [ [ 0, 1, 0 ], [ 0, 0, 1 ], [ 1, 0, 0 ] ], 
  [ [ 1, 0, 0 ], [ 0, 1, 0 ], [ 0, 0, 1 ] ], 
  [ [ -1, 0, 0 ], [ 0, 1, 0 ], [ 0, 0, -1 ] ], 
  [ [ -1, 0, 0 ], [ 0, -1, 0 ], [ 0, 0, 1 ] ] ]
Pcgs([ f1, f2, f3, f4, f5 ]) -> 
[ [ [ -1, 0, 0 ], [ 0, -1, 0 ], [ 0, 0, -1 ] ], 
  [ [ 0, 1, 0 ], [ 0, 0, 1 ], [ 1, 0, 0 ] ], 
  [ [ E(3)^2, 0, 0 ], [ 0, E(3)^2, 0 ], [ 0, 0, E(3)^2 ] ], 
  [ [ -1, 0, 0 ], [ 0, 1, 0 ], [ 0, 0, -1 ] ], 
  [ [ -1, 0, 0 ], [ 0, -1, 0 ], [ 0, 0, 1 ] ] ]
Pcgs([ f1, f2, f3, f4, f5 ]) -> 
[ [ [ -1, 0, 0 ], [ 0, -1, 0 ], [ 0, 0, -1 ] ], 
  [ [ 0, 1, 0 ], [ 0, 0, 1 ], [ 1, 0, 0 ] ], 
  [ [ E(3), 0, 0 ], [ 0, E(3), 0 ], [ 0, 0, E(3) ] ], 
  [ [ -1, 0, 0 ], [ 0, 1, 0 ], [ 0, 0, -1 ] ], 
  [ [ -1, 0, 0 ], [ 0, -1, 0 ], [ 0, 0, 1 ] ] ]
Pcgs([ f1, f2, f3, f4, f5 ]) -> [ [ [ 1, 0, 0 ], [ 0, 1, 0 ], [ 0, 0, 1 ] ], 
  [ [ 0, 1, 0 ], [ 0, 0, 1 ], [ 1, 0, 0 ] ], 
  [ [ E(3)^2, 0, 0 ], [ 0, E(3)^2, 0 ], [ 0, 0, E(3)^2 ] ], 
  [ [ -1, 0, 0 ], [ 0, 1, 0 ], [ 0, 0, -1 ] ], 
  [ [ -1, 0, 0 ], [ 0, -1, 0 ], [ 0, 0, 1 ] ] ]
Pcgs([ f1, f2, f3, f4, f5 ]) -> [ [ [ 1, 0, 0 ], [ 0, 1, 0 ], [ 0, 0, 1 ] ], 
  [ [ 0, 1, 0 ], [ 0, 0, 1 ], [ 1, 0, 0 ] ], 
  [ [ E(3), 0, 0 ], [ 0, E(3), 0 ], [ 0, 0, E(3) ] ], 
  [ [ -1, 0, 0 ], [ 0, 1, 0 ], [ 0, 0, -1 ] ], 
  [ [ -1, 0, 0 ], [ 0, -1, 0 ], [ 0, 0, 1 ] ] ]
