Pcgs([ f1, f2, f3 ]) -> [ [ [ 1, 0, 0 ], [ 0, 1, 0 ], [ 0, 0, 1 ] ], 
  [ [ 0, 1, 0 ], [ 0, 0, 1 ], [ 1, 0, 0 ] ], 
  [ [ E(13)^11, 0, 0 ], [ 0, E(13)^8, 0 ], [ 0, 0, E(13)^7 ] ] ]
Pcgs([ f1, f2, f3 ]) -> [ [ [ 1, 0, 0 ], [ 0, 1, 0 ], [ 0, 0, 1 ] ], 
  [ [ 0, 1, 0 ], [ 0, 0, 1 ], [ 1, 0, 0 ] ], 
  [ [ E(13)^12, 0, 0 ], [ 0, E(13)^4, 0 ], [ 0, 0, E(13)^10 ] ] ]
Pcgs([ f1, f2, f3 ]) -> [ [ [ 1, 0, 0 ], [ 0, 1, 0 ], [ 0, 0, 1 ] ], 
  [ [ 0, 1, 0 ], [ 0, 0, 1 ], [ 1, 0, 0 ] ], 
  [ [ E(13)^9, 0, 0 ], [ 0, E(13)^3, 0 ], [ 0, 0, E(13) ] ] ]
Pcgs([ f1, f2, f3 ]) -> [ [ [ 1, 0, 0 ], [ 0, 1, 0 ], [ 0, 0, 1 ] ], 
  [ [ 0, 1, 0 ], [ 0, 0, 1 ], [ 1, 0, 0 ] ], 
  [ [ E(13)^6, 0, 0 ], [ 0, E(13)^2, 0 ], [ 0, 0, E(13)^5 ] ] ]
Pcgs([ f1, f2, f3 ]) -> [ [ [ -1, 0, 0 ], [ 0, -1, 0 ], [ 0, 0, -1 ] ], 
  [ [ 0, 1, 0 ], [ 0, 0, 1 ], [ 1, 0, 0 ] ], 
  [ [ E(13)^11, 0, 0 ], [ 0, E(13)^8, 0 ], [ 0, 0, E(13)^7 ] ] ]
Pcgs([ f1, f2, f3 ]) -> [ [ [ -1, 0, 0 ], [ 0, -1, 0 ], [ 0, 0, -1 ] ], 
  [ [ 0, 1, 0 ], [ 0, 0, 1 ], [ 1, 0, 0 ] ], 
  [ [ E(13)^12, 0, 0 ], [ 0, E(13)^4, 0 ], [ 0, 0, E(13)^10 ] ] ]
Pcgs([ f1, f2, f3 ]) -> [ [ [ -1, 0, 0 ], [ 0, -1, 0 ], [ 0, 0, -1 ] ], 
  [ [ 0, 1, 0 ], [ 0, 0, 1 ], [ 1, 0, 0 ] ], 
  [ [ E(13)^9, 0, 0 ], [ 0, E(13)^3, 0 ], [ 0, 0, E(13) ] ] ]
Pcgs([ f1, f2, f3 ]) -> [ [ [ -1, 0, 0 ], [ 0, -1, 0 ], [ 0, 0, -1 ] ], 
  [ [ 0, 1, 0 ], [ 0, 0, 1 ], [ 1, 0, 0 ] ], 
  [ [ E(13)^6, 0, 0 ], [ 0, E(13)^2, 0 ], [ 0, 0, E(13)^5 ] ] ]
