Pcgs([ f1, f2, f3, f4 ]) -> [ [ [ -1, 0, 0 ], [ 0, -1, 0 ], [ 0, 0, -1 ] ], 
  [ [ 0, 1, 0 ], [ 0, 0, 1 ], [ 1, 0, 0 ] ], 
  [ [ 1, 0, 0 ], [ 0, 1, 0 ], [ 0, 0, 1 ] ], 
  [ [ E(7)^6, 0, 0 ], [ 0, E(7)^3, 0 ], [ 0, 0, E(7)^5 ] ] ]
Pcgs([ f1, f2, f3, f4 ]) -> [ [ [ -1, 0, 0 ], [ 0, -1, 0 ], [ 0, 0, -1 ] ], 
  [ [ 0, 1, 0 ], [ 0, 0, 1 ], [ 1, 0, 0 ] ], 
  [ [ 1, 0, 0 ], [ 0, 1, 0 ], [ 0, 0, 1 ] ], 
  [ [ E(7)^4, 0, 0 ], [ 0, E(7)^2, 0 ], [ 0, 0, E(7) ] ] ]
Pcgs([ f1, f2, f3, f4 ]) -> [ [ [ 1, 0, 0 ], [ 0, 1, 0 ], [ 0, 0, 1 ] ], 
  [ [ 0, 1, 0 ], [ 0, 0, 1 ], [ 1, 0, 0 ] ], 
  [ [ 1, 0, 0 ], [ 0, 1, 0 ], [ 0, 0, 1 ] ], 
  [ [ E(7)^6, 0, 0 ], [ 0, E(7)^3, 0 ], [ 0, 0, E(7)^5 ] ] ]
Pcgs([ f1, f2, f3, f4 ]) -> [ [ [ 1, 0, 0 ], [ 0, 1, 0 ], [ 0, 0, 1 ] ], 
  [ [ 0, 1, 0 ], [ 0, 0, 1 ], [ 1, 0, 0 ] ], 
  [ [ 1, 0, 0 ], [ 0, 1, 0 ], [ 0, 0, 1 ] ], 
  [ [ E(7)^4, 0, 0 ], [ 0, E(7)^2, 0 ], [ 0, 0, E(7) ] ] ]
Pcgs([ f1, f2, f3, f4 ]) -> 
[ [ [ -E(4), 0, 0 ], [ 0, -E(4), 0 ], [ 0, 0, -E(4) ] ], 
  [ [ 0, 1, 0 ], [ 0, 0, 1 ], [ 1, 0, 0 ] ], 
  [ [ -1, 0, 0 ], [ 0, -1, 0 ], [ 0, 0, -1 ] ], 
  [ [ E(7)^6, 0, 0 ], [ 0, E(7)^3, 0 ], [ 0, 0, E(7)^5 ] ] ]
Pcgs([ f1, f2, f3, f4 ]) -> 
[ [ [ -E(4), 0, 0 ], [ 0, -E(4), 0 ], [ 0, 0, -E(4) ] ], 
  [ [ 0, 1, 0 ], [ 0, 0, 1 ], [ 1, 0, 0 ] ], 
  [ [ -1, 0, 0 ], [ 0, -1, 0 ], [ 0, 0, -1 ] ], 
  [ [ E(7)^4, 0, 0 ], [ 0, E(7)^2, 0 ], [ 0, 0, E(7) ] ] ]
Pcgs([ f1, f2, f3, f4 ]) -> 
[ [ [ E(4), 0, 0 ], [ 0, E(4), 0 ], [ 0, 0, E(4) ] ], 
  [ [ 0, 1, 0 ], [ 0, 0, 1 ], [ 1, 0, 0 ] ], 
  [ [ -1, 0, 0 ], [ 0, -1, 0 ], [ 0, 0, -1 ] ], 
  [ [ E(7)^6, 0, 0 ], [ 0, E(7)^3, 0 ], [ 0, 0, E(7)^5 ] ] ]
Pcgs([ f1, f2, f3, f4 ]) -> 
[ [ [ E(4), 0, 0 ], [ 0, E(4), 0 ], [ 0, 0, E(4) ] ], 
  [ [ 0, 1, 0 ], [ 0, 0, 1 ], [ 1, 0, 0 ] ], 
  [ [ -1, 0, 0 ], [ 0, -1, 0 ], [ 0, 0, -1 ] ], 
  [ [ E(7)^4, 0, 0 ], [ 0, E(7)^2, 0 ], [ 0, 0, E(7) ] ] ]
