Pcgs([ f1, f2, f3, f4, f5, f6 ]) -> 
[ [ [ -1, 0, 0 ], [ 0, -1, 0 ], [ 0, 0, -1 ] ], 
  [ [ -1, 0, 0 ], [ 0, -1, 0 ], [ 0, 0, -1 ] ], 
  [ [ 0, 1, 0 ], [ 0, 0, 1 ], [ 1, 0, 0 ] ], 
  [ [ 1, 0, 0 ], [ 0, 1, 0 ], [ 0, 0, 1 ] ], 
  [ [ -1, 0, 0 ], [ 0, 1, 0 ], [ 0, 0, -1 ] ], 
  [ [ -1, 0, 0 ], [ 0, -1, 0 ], [ 0, 0, 1 ] ] ]
Pcgs([ f1, f2, f3, f4, f5, f6 ]) -> 
[ [ [ -1, 0, 0 ], [ 0, -1, 0 ], [ 0, 0, -1 ] ], 
  [ [ 1, 0, 0 ], [ 0, 1, 0 ], [ 0, 0, 1 ] ], 
  [ [ 0, 1, 0 ], [ 0, 0, 1 ], [ 1, 0, 0 ] ], 
  [ [ 1, 0, 0 ], [ 0, 1, 0 ], [ 0, 0, 1 ] ], 
  [ [ -1, 0, 0 ], [ 0, 1, 0 ], [ 0, 0, -1 ] ], 
  [ [ -1, 0, 0 ], [ 0, -1, 0 ], [ 0, 0, 1 ] ] ]
Pcgs([ f1, f2, f3, f4, f5, f6 ]) -> 
[ [ [ 1, 0, 0 ], [ 0, 1, 0 ], [ 0, 0, 1 ] ], 
  [ [ -1, 0, 0 ], [ 0, -1, 0 ], [ 0, 0, -1 ] ], 
  [ [ 0, 1, 0 ], [ 0, 0, 1 ], [ 1, 0, 0 ] ], 
  [ [ 1, 0, 0 ], [ 0, 1, 0 ], [ 0, 0, 1 ] ], 
  [ [ -1, 0, 0 ], [ 0, 1, 0 ], [ 0, 0, -1 ] ], 
  [ [ -1, 0, 0 ], [ 0, -1, 0 ], [ 0, 0, 1 ] ] ]
Pcgs([ f1, f2, f3, f4, f5, f6 ]) -> 
[ [ [ 1, 0, 0 ], [ 0, 1, 0 ], [ 0, 0, 1 ] ], 
  [ [ 1, 0, 0 ], [ 0, 1, 0 ], [ 0, 0, 1 ] ], 
  [ [ 0, 1, 0 ], [ 0, 0, 1 ], [ 1, 0, 0 ] ], 
  [ [ 1, 0, 0 ], [ 0, 1, 0 ], [ 0, 0, 1 ] ], 
  [ [ -1, 0, 0 ], [ 0, 1, 0 ], [ 0, 0, -1 ] ], 
  [ [ -1, 0, 0 ], [ 0, -1, 0 ], [ 0, 0, 1 ] ] ]
Pcgs([ f1, f2, f3, f4, f5, f6 ]) -> 
[ [ [ -1, 0, 0 ], [ 0, -1, 0 ], [ 0, 0, -1 ] ], 
  [ [ -E(4), 0, 0 ], [ 0, -E(4), 0 ], [ 0, 0, -E(4) ] ], 
  [ [ 0, 1, 0 ], [ 0, 0, 1 ], [ 1, 0, 0 ] ], 
  [ [ -1, 0, 0 ], [ 0, -1, 0 ], [ 0, 0, -1 ] ], 
  [ [ -1, 0, 0 ], [ 0, 1, 0 ], [ 0, 0, -1 ] ], 
  [ [ -1, 0, 0 ], [ 0, -1, 0 ], [ 0, 0, 1 ] ] ]
Pcgs([ f1, f2, f3, f4, f5, f6 ]) -> 
[ [ [ -1, 0, 0 ], [ 0, -1, 0 ], [ 0, 0, -1 ] ], 
  [ [ E(4), 0, 0 ], [ 0, E(4), 0 ], [ 0, 0, E(4) ] ], 
  [ [ 0, 1, 0 ], [ 0, 0, 1 ], [ 1, 0, 0 ] ], 
  [ [ -1, 0, 0 ], [ 0, -1, 0 ], [ 0, 0, -1 ] ], 
  [ [ -1, 0, 0 ], [ 0, 1, 0 ], [ 0, 0, -1 ] ], 
  [ [ -1, 0, 0 ], [ 0, -1, 0 ], [ 0, 0, 1 ] ] ]
Pcgs([ f1, f2, f3, f4, f5, f6 ]) -> 
[ [ [ 1, 0, 0 ], [ 0, 1, 0 ], [ 0, 0, 1 ] ], 
  [ [ -E(4), 0, 0 ], [ 0, -E(4), 0 ], [ 0, 0, -E(4) ] ], 
  [ [ 0, 1, 0 ], [ 0, 0, 1 ], [ 1, 0, 0 ] ], 
  [ [ -1, 0, 0 ], [ 0, -1, 0 ], [ 0, 0, -1 ] ], 
  [ [ -1, 0, 0 ], [ 0, 1, 0 ], [ 0, 0, -1 ] ], 
  [ [ -1, 0, 0 ], [ 0, -1, 0 ], [ 0, 0, 1 ] ] ]
Pcgs([ f1, f2, f3, f4, f5, f6 ]) -> 
[ [ [ 1, 0, 0 ], [ 0, 1, 0 ], [ 0, 0, 1 ] ], 
  [ [ E(4), 0, 0 ], [ 0, E(4), 0 ], [ 0, 0, E(4) ] ], 
  [ [ 0, 1, 0 ], [ 0, 0, 1 ], [ 1, 0, 0 ] ], 
  [ [ -1, 0, 0 ], [ 0, -1, 0 ], [ 0, 0, -1 ] ], 
  [ [ -1, 0, 0 ], [ 0, 1, 0 ], [ 0, 0, -1 ] ], 
  [ [ -1, 0, 0 ], [ 0, -1, 0 ], [ 0, 0, 1 ] ] ]
